0.011173144563700475
0.012816776965801711
0.009980266292598423
0.007131926069233348
0.004432958950307347
0.002698038878567718
0.0026731102057612668
0.004900857310529114
0.001705748566529584
0.0018099853199367746
0.004220494855537808
0.0014226791216647792
0.0015064470473212315
0.001517980097889405
0.0018851779199914325
0.001444253548570312
0.0013779640925813358
0.001501746610906822
0.0012232846130733927
0.00130417966567965
0.0032936368711651964
0.00097921432540702
0.000907382487620857
0.0018201273208844008
0.0015810241543738153
0.0044247815112776
0.0009211718701163035
0.0015591914168492428
0.0007612780648848801
0.0011085441727636386
0.0007952793697586362
0.0008021912608416485
0.0007857819407713528
0.001796426167193173
0.0006041968211008567
0.0034731338203106833
0.0005956766873584097
0.000898992357420993
0.0005673192308019872
0.0006271997705360042
0.00046247964506533927
0.000507799544580453
0.0004496485639114093
0.0004233873206116809
0.0004208904429485339
0.0004227850773581486
0.0004100111514445331
0.00043508571865799725
0.000873408760248072
0.0004734003345681279
0.0003528419360003353
0.00038802931329460474
0.00033746644567187936
0.00032647543074463615
0.00037075830758000726
0.00042480222988486755
0.00031177428606384445
0.00028942581808487534
0.0003100556402145273
0.0003889189601400593
0.0003895736172107912
0.0003292113443310689
0.00030566083198382593
0.0004134196398522067
0.0008995445982957114
0.0002682878938575865
0.0015976184336722885
0.00028225112743883777
0.0002799968111306846
0.0003085935824084739
0.00030555969662767374
0.00028778301039250983
0.00024598675862269685
0.00026058420410916854
0.00024163937956200412
0.0008336585993193947
0.0002455532000034774
0.00025538108418843243
0.00044789111880715634
0.0002570457911185498
0.0003227763291932149
0.00025456339159958373
0.0009277173452283279
0.00021077298099497256
0.00021807390961774476
0.00020826173990926797
0.00022931062257600796
0.0002455949864420176
0.00026411383911859596
0.00030867384750692914
0.00028259036647990896
0.00029687439608642964
0.0002166985804485401
0.0002514514557443478
0.0002176121131223473
0.00019156200384192276
0.0001757601872129905
0.00017347546223350047
0.00035170235153474946
0.00022146520490457398
2.9287352222202213e-05
0.00013159566875082704
8.955202149369042e-06
1.8528529807457982e-05
9.197904551126986e-05
2.745239450199565e-05
1.671612430907677e-05
0.00013706470033222258
6.163452710888042e-05
0.00010956925569180094
1.0961983157839197e-05
5.915245631349442e-05
5.0662273669002984e-05
0.00015908442315227934
2.5675379780562146e-05
7.762135602818269e-05
5.463301004289287e-05
2.430680759614423e-05
1.7955671663923034e-05
6.95693712311769e-05
4.289665463788881e-05
1.5724809621978977e-05
3.2864320177559144e-05
5.383869217406253e-06
9.928232303140747e-05
9.397526027558912e-05
3.293547125290297e-05
0.0001306660442158135
7.7301035683251e-05
8.425278717652129e-05
9.555443982313302e-06
1.7992340542608666e-05
1.1775062390210643e-05
2.8692493558550867e-05
2.7116886560079674e-06
2.1559788058188545e-05
5.2258090137773466e-05
3.28637525752149e-05
1.528762936493881e-05
1.80507933087498e-05
3.1770603546386637e-06
5.9952158450181874e-05
1.563382714358336e-06
0.0001044542498015356
0.00013763773802891386
0.0002861376647137502
1.8148730481300648e-05
2.486203247906115e-05
4.59309883224331e-06
0.0001087310109867305
3.036505946017956e-05
7.2406077317466e-05
7.920500562991161e-05
1.120436600654958e-05
5.4193856888301134e-05
4.255210219123152e-05
2.321911760430524e-05
1.7920269320320983e-05
6.286068987669981e-05
2.718541742114394e-06
2.438933402382102e-05
0.00011569064442482427
7.2013815177745735e-06
7.172858484512528e-06
9.629784145033908e-06
3.271031509125705e-05
0.0015356572676290111
1.7678312538297872e-06
4.6621225754496695e-06
7.537702501153346e-06
1.5830494245642767e-05
1.2211432413075997e-05
3.7047134177342786e-06
4.429837351878868e-05
9.700747235746034e-06
5.631792541238098e-06
8.841950712765092e-06
6.306217609063598e-05
2.0392505563674195e-06
2.759593465113336e-06
0.0001023578478558275
1.1845617086430067e-05
1.5941321382259986e-05
5.652842099174399e-05
1.6164962336560855e-05
9.121911745018284e-06
1.777723316454004e-05
1.851604546580876e-05
2.316672260685011e-06
2.2341322079702442e-05
8.28649010487777e-06
8.390942410307482e-07
1.4683306341289405e-05
2.4843765514514957e-06
1.3870536335818002e-05
9.25944854141022e-06
1.821429028437418e-06
1.0333293623013253e-06
8.949962661662174e-06
4.328404641953465e-06
