41542.0
39295.0
24409.0
24106.0
18294.0
15553.0
15341.0
12222.0
11121.0
10846.0
10510.0
10467.0
10421.0
10219.0
10182.0
10064.0
9905.0
9590.0
9523.0
9139.0
8274.0
8086.0
7808.0
7799.0
7538.0
7476.0
7423.0
7301.0
6630.0
6485.0
6361.0
6330.0
5764.0
5712.0
5700.0
5575.0
5415.0
5186.0
5038.0
4613.0
4413.0
4330.0
4261.0
4206.0
4135.0
4002.0
3955.0
3750.0
3685.0
3684.0
3631.0
3598.0
3337.0
3289.0
3277.0
3231.0
3215.0
3127.0
3121.0
3084.0
3055.0
3053.0
2963.0
2869.0
2860.0
2832.0
2783.0
2761.0
2722.0
2658.0
2627.0
2617.0
2579.0
2569.0
2546.0
2451.0
2444.0
2427.0
2409.0
2394.0
2382.0
2382.0
2279.0
2208.0
2205.0
2199.0
2197.0
2174.0
2166.0
2159.0
2147.0
2141.0
2129.0
2126.0
2018.0
1904.0
1891.0
1864.0
1848.0
1825.0
157.0
1131.0
45.0
106.0
821.0
242.0
166.0
1159.0
547.0
881.0
91.0
487.0
469.0
1341.0
126.0
757.0
522.0
233.0
165.0
708.0
394.0
115.0
359.0
36.0
980.0
902.0
293.0
1074.0
615.0
780.0
111.0
161.0
144.0
257.0
40.0
241.0
463.0
211.0
73.0
153.0
10.0
539.0
13.0
1030.0
1075.0
35.0
189.0
270.0
74.0
543.0
231.0
544.0
717.0
104.0
411.0
295.0
221.0
156.0
698.0
22.0
234.0
1164.0
57.0
122.0
69.0
295.0
60.0
10.0
44.0
128.0
153.0
131.0
57.0
413.0
85.0
51.0
96.0
504.0
15.0
38.0
747.0
204.0
166.0
412.0
224.0
88.0
164.0
109.0
31.0
257.0
83.0
16.0
94.0
33.0
50.0
109.0
22.0
10.0
117.0
39.0
