0.03666321393298479
0.04091489412954921
0.03579601570592349
0.0
0.005709054994820895
0.0016741743550213175
0.0006624430901163491
0.006094476429070403
0.0016500855153807228
0.0010719533640064552
0.003372437549683241
0.0007347096090381326
0.0006022209910148629
0.0008792426468816995
6.022209910148629e-05
0.0005419988919133766
0.0005540433117336739
0.0008431093874208078
0.0006263098306554574
0.0001927107171247561
0.00109604220364705
0.00026497723604653964
0.00028906607568713417
7.226651892178354e-05
0.000903331486522294
0.014441259364536555
0.00034928817478862054
0.0014814636378965617
0.00010839977838267531
0.001204441982029725
0.0001927107171247561
0.00028906607568713417
0.00015657745766386433
0.0008310649676005105
9.635535856237805e-05
0.0030954158938164018
0.00020475513694505337
0.0006865319297569436
0.001108086623467347
0.00018066629730445884
4.8177679281189026e-05
3.613325946089177e-05
0.00014453303784356709
6.022209910148629e-05
6.022209910148628e-05
7.226651892178354e-05
0.002276395346036182
0.00013248861802326982
0.0007949317081396188
0.00032519933514802595
3.613325946089177e-05
6.022209910148628e-05
6.022209910148628e-05
1.2044419820297257e-05
7.226651892178354e-05
0.00014453303784356709
1.2044419820297257e-05
1.2044419820297257e-05
0.0
9.635535856237805e-05
0.000505865632452485
3.613325946089177e-05
2.4088839640594513e-05
0.00014453303784356709
0.000806976127959916
1.2044419820297257e-05
0.0029267940163322393
1.2044419820297257e-05
3.613325946089177e-05
0.00012044419820297256
0.00010839977838267531
3.613325946089177e-05
1.2044419820297257e-05
0.0
0.0
0.0006985763495772409
6.022209910148629e-05
3.613325946089177e-05
0.0002770216558668369
6.022209910148628e-05
0.0006624430901163491
2.4088839640594513e-05
0.00020475513694505337
1.2044419820297257e-05
1.2044419820297257e-05
1.2044419820297257e-05
0.0
0.0
0.0012164864018500221
0.00014453303784356709
9.635535856237805e-05
2.4088839640594513e-05
9.635535856237805e-05
2.4088839640594513e-05
2.4088839640594513e-05
3.613325946089177e-05
0.0004215546937104041
2.4088839640594513e-05
0.0006503986702960519
0.00012044419820297258
0.13069399947005073
0.0012164864018500221
0.000554043311733674
0.0006865319297569436
0.00032519933514802595
0.00012044419820297258
0.0016019078360995339
0.00022884397658564786
0.0007828872883193216
0.00012044419820297258
0.00026497723604653964
0.0010599089441861581
0.00015657745766386433
9.635535856237805e-05
0.0002649772360465397
9.635535856237805e-05
0.00010839977838267531
1.2044419820297257e-05
1.2044419820297257e-05
0.00010839977838267531
6.022209910148629e-05
3.613325946089177e-05
9.635535856237805e-05
0.00018066629730445884
9.635535856237805e-05
8.43109387420808e-05
0.00030111049550743147
0.00014453303784356709
6.022209910148628e-05
3.613325946089177e-05
2.4088839640594513e-05
0.000373377014429215
0.0
0.0
0.00014453303784356709
3.613325946089177e-05
0.00010839977838267531
0.0005540433117336739
4.8177679281189026e-05
0.00010839977838267531
0.0003131549153277287
2.4088839640594513e-05
0.0001686218774841616
6.022209910148629e-05
3.613325946089177e-05
0.0002649772360465397
9.635535856237805e-05
0.00020475513694505337
9.635535856237805e-05
0.00020475513694505337
1.2044419820297257e-05
0.00013248861802326982
4.8177679281189026e-05
8.43109387420808e-05
9.635535856237805e-05
0.00010839977838267531
0.00014453303784356709
1.2044419820297257e-05
3.613325946089177e-05
9.635535856237805e-05
0.0
7.226651892178354e-05
0.0
7.226651892178354e-05
4.8177679281189026e-05
4.8177679281189026e-05
0.0009394647459831857
6.022209910148628e-05
3.613325946089177e-05
0.00014453303784356709
8.43109387420808e-05
0.0
0.0
7.226651892178354e-05
8.43109387420808e-05
0.0
6.022209910148629e-05
7.226651892178354e-05
0.0
2.4088839640594513e-05
4.8177679281189026e-05
1.2044419820297257e-05
6.022209910148629e-05
4.8177679281189026e-05
7.226651892178354e-05
2.4088839640594513e-05
6.022209910148629e-05
3.613325946089177e-05
2.4088839640594513e-05
0.0
3.613325946089177e-05
0.0
2.4088839640594513e-05
3.613325946089177e-05
1.2044419820297257e-05
1.2044419820297257e-05
4.8177679281189026e-05
0.0
1.2044419820297257e-05
0.0
