0.2774277344602224
0.22041572424749703
0.11108101202526886
0.11137603569234387
0.09648194770330117
0.15223938824047173
0.14163834678738182
0.008842788705853302
0.1286707250276613
0.09788412644422673
0.008437413761718169
0.12229031135603499
0.1254465621595155
0.11927469604990631
0.07333702952453
0.12148543286261566
0.11594387318114319
0.07093479672663788
0.11015411415126299
0.1125737846256521
0.05195745101455042
0.08808973840193576
0.0879150837813554
0.06832880041708196
0.05367046820657316
0.030282083063474498
0.09325984016498237
0.0635238512444201
0.08443188378755391
0.07176047367672159
0.0853874651433448
0.08471996275373762
0.08002372671552686
0.040084711620823936
0.07050553960403304
0.009086715602476012
0.06901537860833994
0.057005712685106034
0.06151422425611492
0.052677035063084215
0.05981976515552052
0.06233349619464289
0.05686358860906068
0.052572636513270835
0.056761028603371504
0.053437934656477414
0.05172920892837883
0.04151802349282902
0.03823829379360855
0.03538827178429593
0.047461971221167146
0.04780235401138527
0.04394800232736311
0.046312084117958195
0.044004434820291136
0.037554159920957855
0.0418711237824529
0.04147269960369474
0.04058017188734359
0.04044683524699997
0.03306755277428456
0.04595875531656262
0.0422029195170821
0.03698478546416886
0.016568315747080994
0.037153275078026654
2.740124147071594e-06
0.037035534112255304
0.0403778153637647
0.03122505845915234
0.035763532299562265
0.041195712755931736
0.03720044892889313
0.03574207622753294
0.03533203796594914
0.012045877343942791
0.031980343221604465
0.033526180960718896
0.024429126051433367
0.03547171142359785
0.02770592197273881
0.03330858123402376
0.0070427251209950175
0.03236685067278731
0.029377770575741893
0.031446294634381845
0.028706081117558787
0.02790433762605488
0.029912608390892582
0.030323491859805884
0.019708216005564425
0.029322759749672033
0.034109204867984605
0.02647184421124089
0.02967102532947129
0.028108807893264882
0.028398847693702173
0.024979626417673907
0.003129939284692597
0.0256025545890384
0.0037995292208629176
0.016044274211515643
0.00469887896628868
0.0031835672737995976
0.012060039417762534
0.0061138735385295176
0.00816260529034127
0.01761164431603421
0.01067708809016469
0.013402103418537235
0.005652799750276552
0.014240220846076164
0.011904672757059016
0.020178526656663462
0.007583010090727856
0.012067804241581508
0.007691975706339308
0.005778030023422139
0.003324590002501094
0.012375387717645816
0.007574491804362018
0.004542385156176707
0.009369493279754271
0.0014726944286102422
0.015000908422728413
0.0158627482418471
0.012900897364837507
0.012753342437437799
0.007650900848302913
0.013017849645159129
0.0031931137704675153
0.003624654429748198
0.003618107321477047
0.005822276761186401
0.0012168878172694622
0.004793126999768385
0.01096038278408723
0.01293517745792483
0.0071575724231317224
0.006817268339002903
0.0017810769326548224
0.00875295800986195
0.0009307496956541103
0.01681689230906913
0.01578884092856137
0.0018238028386502781
0.0027824474798880416
0.005667560537523224
0.005574235237332284
0.009700980418080627
0.0037627671041731417
0.006879936249715057
0.010107703557441226
0.002637692736745532
0.011519158252444305
0.011574778506049245
0.011486684518681409
0.004086365104901888
0.013383566070321706
0.0014322652396222752
0.0030638168849574676
0.02049519276031592
0.0013831718844441899
0.005825395743728111
0.0014973398132839804
0.007114666413405059
0.00217309268682304
0.001103544800226667
0.0020923905026987624
0.007318321729187211
0.0034505006816567024
0.00366439361007043
0.0016399037285856012
0.014524904236256894
0.005269618503314161
0.001179435236800862
0.005416771717606894
0.011326183865069037
0.0011646608445319737
0.0015941388669688705
0.00915854438432631
0.00639625759608622
0.009656436467024286
0.007058495498778263
0.009500804139144666
0.0025372318322760866
0.00936070599337643
0.004713507756746159
0.0029951649979170934
0.004766060316607676
0.007042934568103132
0.00039509351597423996
0.0074139205447209654
0.001741190245140096
0.0031998800214159406
0.0037387925278072015
0.001996761532501831
0.0013634821390788735
0.0036403186336380756
0.0010970211467462205
