50403.0
56617.0
16877.0
0.0
18251.0
8207.0
384.0
15.0
20876.0
6246.0
14439.0
7516.0
7101.0
5123.0
5.0
8012.0
3534.0
208.0
2781.0
2407.0
2.0
2428.0
1299.0
3.0
28.0
4079.0
2056.0
7134.0
1559.0
11353.0
4012.0
3798.0
1639.0
1.0
1531.0
5210.0
855.0
727.0
29801.0
189.0
605.0
2291.0
2771.0
486.0
768.0
1803.0
585.0
1021.0
3578.0
2361.0
345.0
472.0
290.0
445.0
1781.0
653.0
687.0
476.0
357.0
69.0
12842.0
670.0
2910.0
620.0
287.0
286.0
3.0
471.0
1872.0
1945.0
2456.0
2613.0
245.0
446.0
319.0
507.0
794.0
68.0
330.0
1484.0
35692.0
693.0
133.0
684.0
200.0
294.0
93.0
84.0
49424.0
6977.0
15.0
1873.0
4519.0
64.0
37.0
1886.0
224.0
717.0
78.0
4242.0
999576.0
41572.0
33238.0
32030.0
30796.0
29696.0
29100.0
24518.0
24350.0
22613.0
22311.0
20911.0
20805.0
18595.0
17574.0
17478.0
17097.0
16878.0
16781.0
16126.0
16046.0
14913.0
14472.0
14145.0
13262.0
12789.0
12732.0
12393.0
12055.0
11335.0
11135.0
11026.0
10986.0
10430.0
9632.0
9355.0
9189.0
9162.0
8970.0
8886.0
8872.0
8399.0
8398.0
8258.0
8251.0
8193.0
8123.0
7577.0
7361.0
7119.0
7119.0
7106.0
7064.0
7021.0
6587.0
6429.0
6420.0
6255.0
6193.0
6158.0
6094.0
5794.0
5565.0
5553.0
5122.0
4919.0
4863.0
4755.0
4753.0
4670.0
4604.0
4602.0
4077.0
3998.0
3962.0
3952.0
3824.0
3807.0
3768.0
3706.0
3284.0
3077.0
3013.0
2957.0
2949.0
2866.0
2839.0
2827.0
2800.0
2700.0
2611.0
2605.0
2549.0
2529.0
2456.0
2433.0
2429.0
2429.0
2406.0
2371.0
