3.3947055454725596
3.8066624214303353
3.310680346976923
-0.1576931242600617
0.39547276583628
0.004522189502367628
-0.09350720874255365
0.4328172985010115
0.0021881562108218623
-0.053828642786276006
0.16907153655634383
-0.08650510886791642
-0.09934229197141801
-0.07250090911864195
-0.15185804103119735
-0.10517737520028239
-0.10401035855450952
-0.07600195905596056
-0.09700825867987227
-0.13902085792769572
-0.05149460949473024
-0.1320187580530585
-0.12968472476151274
-0.15069102438542448
-0.07016687582709621
1.2415598340216278
-0.12384964153264837
-0.014150076829998328
-0.14718997444810586
-0.0409914596827744
-0.13902085792769572
-0.12968472476151274
-0.14252190786501437
-0.07716897570173344
-0.1483569910938787
0.1422301537035675
-0.13785384128192285
-0.0911731754510079
-0.05032759284895738
-0.14018787457346862
-0.15302505767697022
-0.1541920743227431
-0.1436889245107872
-0.15185804103119735
-0.15185804103119735
-0.15069102438542448
0.06287302179101148
-0.14485594115656011
-0.08067002563905205
-0.1261836748241941
-0.1541920743227431
-0.15185804103119735
-0.15185804103119735
-0.15652610761428884
-0.15069102438542448
-0.1436889245107872
-0.15652610761428884
-0.15652610761428884
-0.1576931242600617
-0.1483569910938787
-0.108678425137601
-0.1541920743227431
-0.15535909096851597
-0.1436889245107872
-0.07950300899327918
-0.15652610761428884
0.12589192066274718
-0.15652610761428884
-0.1541920743227431
-0.14602295780233296
-0.14718997444810586
-0.1541920743227431
-0.15652610761428884
-0.1576931242600617
-0.1576931242600617
-0.09000615880523503
-0.15185804103119735
-0.1541920743227431
-0.13085174140728562
-0.15185804103119735
-0.09350720874255365
-0.15535909096851597
-0.13785384128192285
-0.15652610761428884
-0.15652610761428884
-0.15652610761428884
-0.1576931242600617
-0.1576931242600617
-0.03982444303700154
-0.1436889245107872
-0.1483569910938787
-0.15535909096851597
-0.1483569910938787
-0.15535909096851597
-0.15535909096851597
-0.1541920743227431
-0.11684754165801113
-0.15535909096851597
-0.09467422538832652
-0.14602295780233296
12.505604499021894
-0.03982444303700154
-0.1040103585545095
-0.0911731754510079
-0.1261836748241941
-0.14602295780233296
-0.0024799103722696267
-0.1355198079903771
-0.08183704228482493
-0.14602295780233296
-0.1320187580530585
-0.05499565943204887
-0.14252190786501437
-0.1483569910938787
-0.1320187580530585
-0.1483569910938787
-0.14718997444810586
-0.15652610761428884
-0.15652610761428884
-0.14718997444810586
-0.15185804103119735
-0.1541920743227431
-0.1483569910938787
-0.14018787457346862
-0.1483569910938787
-0.1495240077396516
-0.12851770811573987
-0.1436889245107872
-0.15185804103119735
-0.1541920743227431
-0.15535909096851597
-0.12151560824110262
-0.1576931242600617
-0.1576931242600617
-0.1436889245107872
-0.1541920743227431
-0.14718997444810586
-0.10401035855450952
-0.15302505767697022
-0.14718997444810586
-0.127350691469967
-0.15535909096851597
-0.14135489121924147
-0.15185804103119735
-0.1541920743227431
-0.1320187580530585
-0.1483569910938787
-0.13785384128192285
-0.1483569910938787
-0.13785384128192285
-0.15652610761428884
-0.14485594115656011
-0.15302505767697022
-0.1495240077396516
-0.1483569910938787
-0.14718997444810586
-0.1436889245107872
-0.15652610761428884
-0.1541920743227431
-0.1483569910938787
-0.1576931242600617
-0.15069102438542448
-0.1576931242600617
-0.15069102438542448
-0.15302505767697022
-0.15302505767697022
-0.0666658258897776
-0.15185804103119735
-0.1541920743227431
-0.1436889245107872
-0.1495240077396516
-0.1576931242600617
-0.1576931242600617
-0.15069102438542448
-0.1495240077396516
-0.1576931242600617
-0.15185804103119735
-0.15069102438542448
-0.1576931242600617
-0.15535909096851597
-0.15302505767697022
-0.15652610761428884
-0.15185804103119735
-0.15302505767697022
-0.15069102438542448
-0.15535909096851597
-0.15185804103119735
-0.1541920743227431
-0.15535909096851597
-0.1576931242600617
-0.1541920743227431
-0.1576931242600617
-0.15535909096851597
-0.1541920743227431
-0.15652610761428884
-0.15652610761428884
-0.15302505767697022
-0.1576931242600617
-0.15652610761428884
-0.1576931242600617
