6.989756487596956
6.579919854157544
3.8648205549234174
3.809555534926915
2.749488550703568
2.249549871461277
2.210882596744252
1.6419994371102844
1.4411849585091305
1.3910269370601596
1.32974295448978
1.3219000638632137
1.3135099948208404
1.2766666481565052
1.2699181143615528
1.2483957633398124
1.2193953073020436
1.1619415736423129
1.1497212556892908
1.0796824184660003
0.9219126419083272
0.8876227945177578
0.8369175946529798
0.8352760594055588
0.7876715372303535
0.7763631833036764
0.7666963646244201
0.7444444423816038
0.6220588700461142
0.5956119132821112
0.5729952054287569
0.5673410284654183
0.4641067006831722
0.45462227480918493
0.4524335611459571
0.42963446048733384
0.40045161164429605
0.35868365923769824
0.3316895240578883
0.2541725818185692
0.217694020764772
0.20255541792744616
0.18997031436388612
0.17993871007409187
0.16698882089999387
0.14273057779921872
0.13415811595157637
0.09676759087143423
0.08491205852895013
0.08472966572368115
0.0750628470444249
0.06904388447054835
0.021439362295342983
0.01268450764243165
0.010495793979203817
0.0021057249368304576
-0.0008125599474733198
-0.016863126811144095
-0.01795748364275801
-0.024706017437710497
-0.029995408790511092
-0.030360194401049066
-0.04677554687525781
-0.06392047057054251
-0.06556200581796338
-0.07066900436549499
-0.07960625182367531
-0.083618893539593
-0.09073221294508346
-0.10240535248229857
-0.10805952944563714
-0.109883457498327
-0.11681438409854847
-0.11863831215123832
-0.12283334667242501
-0.14016066317297868
-0.14143741280986158
-0.14453809049943436
-0.1478211609942761
-0.15055705307331088
-0.15274576673653872
-0.15274576673653872
-0.17153222567924428
-0.18448211485334232
-0.18502929326914927
-0.18612365010076318
-0.18648843571130114
-0.19068347023248783
-0.19214261267463972
-0.19341936231152262
-0.19560807597475047
-0.19670243280636437
-0.19889114646959222
-0.19943832488539917
-0.21913674785444967
-0.23992952765511408
-0.2423006341236109
-0.24722523986587353
-0.2501435247501773
-0.25433855927136395
-0.5585697584600328
-0.38091916612804033
-0.5789977526501592
-0.567871791528751
-0.437460935761426
-0.543066370012169
-0.5569282232126119
-0.3758121675805087
-0.48743656440512817
-0.42651736744528684
-0.5706076836077858
-0.49838013272126735
-0.5016632032161091
-0.34261667702155324
-0.5642239354233713
-0.44913407529864113
-0.49199638453685285
-0.5447079052595898
-0.5571106160178809
-0.45807132275682144
-0.515342663611283
-0.5662302562813302
-0.5217264117956976
-0.5806392878975801
-0.40846047972365723
-0.42268711853463814
-0.5337643369434506
-0.39131555602837254
-0.47503385364683715
-0.44493904077745444
-0.5669598275024061
-0.5578401872389568
-0.5609408649285296
-0.5403304779331342
-0.5799097166765042
-0.543248762817438
-0.502757560047723
-0.5487205469755075
-0.5738907541026276
-0.5592993296811087
-0.5853815008345737
-0.48889570684728006
-0.5848343224187668
-0.39934083946020793
-0.39113316322310354
-0.580821680702849
-0.5527331886914252
-0.5379593714646373
-0.5737083612973586
-0.48816613562620415
-0.5450726908701278
-0.48798374282093515
-0.45642978750940055
-0.568236577139289
-0.5122419859217103
-0.5333995513329127
-0.5468966189228176
-0.5587521512653018
-0.45989525080951127
-0.5831927871713459
-0.5445255124543208
-0.37490020355416376
-0.5768090389869314
-0.5649535066444473
-0.5746203253237036
-0.5333995513329127
-0.5762618605711244
-0.5853815008345737
-0.5791801454554282
-0.5638591498128334
-0.5592993296811087
-0.5633119713970264
-0.5768090389869314
-0.5118772003111723
-0.5717020404393998
-0.5779033958185453
-0.5696957195814409
-0.49527945503169457
-0.5844695368082288
-0.5802745022870421
-0.45095800335133096
-0.5499972966123904
-0.5569282232126119
-0.5120595931164413
-0.5463494405070107
-0.5711548620235928
-0.5572930088231498
-0.5673246131129441
-0.581551251923925
-0.5403304779331342
-0.5720668260499377
-0.5842871440029598
-0.5700605051919789
-0.581186466313387
-0.5780857886238142
-0.5673246131129441
-0.5831927871713459
-0.5853815008345737
-0.5658654706707922
-0.5800921094817731
