6.16814506247436
4.73406328611695
1.9838547294261715
1.9912757633972202
1.6166294374589982
3.0191537314162855
2.752494823906085
-0.5878485373498396
2.4263068859799786
1.6518998826170312
-0.5980453505793148
2.2658137734242203
2.345206198669288
2.1899588976026636
1.0344414870321859
2.2455678362034863
2.1061752815094086
0.9740156528058351
1.9605395131288244
2.021403975181015
0.4966589423900261
1.405531558651368
1.401138291204801
0.9084643452331957
0.5397482270600558
-0.04856389852536558
1.535580449975034
0.787600512873537
1.3135217764409695
0.9947847550152694
1.3375584978800734
1.320768123202195
1.2026388642137489
0.198011707597672
0.9632181065589598
-0.5817127930407928
0.9257345531850586
0.6236430644550908
0.7370502966918733
0.514759380643464
0.6944278227977144
0.7576582870528538
0.6200680712794813
0.5121333364607228
0.6174882738895422
0.533899071323576
0.49091773426291097
0.2340652764476338
0.15156685943899403
0.07987732226037891
0.38357951186970124
0.39214151055412144
0.29518903529312934
0.35465521796342714
0.2966085398747173
0.1343581359490407
0.24294717148495523
0.23292519801155356
0.21047452966751073
0.20712057590717076
0.02150188824418504
0.34576757493430094
0.251293171121338
0.12003607417016586
-0.393520403659368
0.12427426685688898
-0.8102113785448241
0.12131260715197076
0.20538444774075998
-0.024844267776524296
0.08931663626319968
0.22595786272227888
0.12546087928461774
0.08877692959832932
0.07846281514503196
-0.5072779518398355
-0.005845812718518552
0.03303823509172219
-0.19578935080205115
0.08197616539364565
-0.11336473012909781
0.027564725186888284
-0.6331273895372628
0.0038764070400814873
-0.07131100135424108
-0.01927928653864417
-0.0882066976778338
-0.10837377696847567
-0.05785767527167436
-0.04752230044843123
-0.31453926050251885
-0.07269474528599852
0.04770363554806014
-0.14440675832225724
-0.06393446268134859
-0.10323052587245758
-0.09593485622893007
-0.18194204845017886
-0.731549719177873
-0.16627289496479497
-0.7147068342925432
-0.40670215980872204
-0.6920845644291508
-0.7302007591676211
-0.5069217186197729
-0.6564917494744817
-0.6049578909251082
-0.36727648624782416
-0.5417085168592547
-0.4731634013979267
-0.6680896130618643
-0.4520813710538562
-0.5108298161581173
-0.30270905259630165
-0.6195370455686381
-0.5067264020137829
-0.6167961212789159
-0.6649395670996846
-0.7266534693153879
-0.4989894382391915
-0.6197513147936219
-0.696021014316761
-0.574599795056117
-0.7732361048745362
-0.4329470134490619
-0.41126826937170596
-0.48577075316694673
-0.48948235413674435
-0.6178293194621878
-0.4828289320789535
-0.729960626310554
-0.7191056399151865
-0.7192703260685858
-0.6638265833607455
-0.7796706718758882
-0.6897138466318576
-0.5345825138227509
-0.4849084707004115
-0.6302385171322463
-0.6387985360413885
-0.7654790423267033
-0.5901081413104441
-0.78686819857594
-0.3872677015314014
-0.4131273360968949
-0.7644043136346642
-0.7402905382236208
-0.6677183197867078
-0.6700658271238029
-0.5662615578601834
-0.7156315496535421
-0.63722218557805
-0.5560308320884806
-0.7439317032765176
-0.5205270593096316
-0.5191279858197896
-0.5213439045607619
-0.7074917560560309
-0.4736296903984143
-0.7742530618796342
-0.7332129639593735
-0.2947436241410753
-0.7754879575750927
-0.6637481283824496
-0.7726161741459046
-0.6313177761588205
-0.7556182665533178
-0.7825217054495502
-0.75764825165879
-0.6261950243749111
-0.7234863084004841
-0.7181060394082959
-0.7690301172407478
-0.44492043671096043
-0.6777281653819862
-0.7806127551830225
-0.6740266691154587
-0.5253811427072529
-0.7809843906793068
-0.7701812879115799
-0.5799060097562687
-0.6493886526118221
-0.5673820177109851
-0.6327307009921503
-0.571296797849266
-0.7464586998128345
-0.5748208307152891
-0.6917165914050994
-0.7349398355387091
-0.6903946827736176
-0.6331221210985648
-0.8003421098238664
-0.6237903289662283
-0.7664823532338385
-0.7297904278358258
-0.7162346068503328
-0.7600537055787544
-0.7759832340072719
-0.7187116220713006
-0.7826858016204566
