6.44080220066569
7.448164472948468
5.70970164302403
3.963988625943494
2.309824564525619
1.246513191823083
1.2312347120053349
2.5965937683620828
0.6383505502123262
0.7022359862948765
2.179607909626428
0.4648607365360497
0.5162010774941742
0.5232695436620686
0.7483206146783737
0.47808343991119134
0.43745544004450876
0.5133202372886106
0.3426542717580724
0.39223386382847436
1.6115479443766545
0.19306656634049285
0.14904170820189047
0.7084518950996882
0.5619084777162219
2.3048127117829207
0.15749305271556097
0.5485274589100763
0.059496087727555276
0.2723312539559196
0.08033507319317326
0.08457128701948442
0.0745142146890192
0.6939257467908597
-0.0367770926192097
1.721559437413579
-0.04199897877573235
0.14389949963257878
-0.05937891837555932
-0.022678865191609502
-0.12363382304757722
-0.09585780883855571
-0.13149783634552845
-0.14759303238179874
-0.14912333827814414
-0.14796213993380958
-0.1557911234813845
-0.14042322675923974
0.1282196246505975
-0.11694066551529694
-0.19082943904444286
-0.1692635242440826
-0.2002528897229123
-0.20698914885095526
-0.17984871320666562
-0.14672585172833322
-0.21599930129858758
-0.2296964050162755
-0.21705263839866187
-0.16871827053247376
-0.16831703919054145
-0.20531234074977958
-0.21974616281438078
-0.15370210246730975
0.1442379613358724
-0.24265158121852182
0.5720789093039872
-0.23409368549266346
-0.23547532849004058
-0.21794871581343653
-0.21980814744187496
-0.23070326183401002
-0.25631967527409294
-0.24737307879912857
-0.2589841309294179
0.10385723535629587
-0.25658539806908426
-0.250562007600734
-0.1325749530362004
-0.24954172900701432
-0.2092562831198348
-0.2510631614252013
0.1615046946578772
-0.27790177051715076
-0.27342712032297845
-0.27944087958016944
-0.26654027586544987
-0.25655978767005305
-0.24520980850895902
-0.21789952231258955
-0.23388577001787506
-0.22513126231689284
-0.27427004281298023
-0.2529704289932543
-0.27371014976821273
-0.28967594433663035
-0.2993606852100562
-0.3007609653115789
-0.1915278764780461
-0.27134863676317833
-0.389132101066418
-0.3264285804495536
-0.40159342810741544
-0.39572605223271784
-0.3507091261212938
-0.39025672429494956
-0.3968368534792819
-0.32307667763115105
-0.36930691171500635
-0.33992830063091134
-0.4003634964791012
-0.37082814266251646
-0.3760316721560436
-0.30958105781573986
-0.391345834965544
-0.35950877906310913
-0.3735980562142284
-0.3921846161819009
-0.3960771500088564
-0.36444374243516764
-0.38079112543943283
-0.39744441817225423
-0.3869398209904201
-0.40378225454623534
-0.34623303631654656
-0.3494856704152744
-0.3868962133632876
-0.32699833599998196
-0.35970509949955
-0.3554444557134739
-0.4012255472016965
-0.39605467609990475
-0.399865170124607
-0.38949668269326887
-0.4054200014529274
-0.3938682309854437
-0.3750536156866824
-0.38694016886698096
-0.39771236062493776
-0.39601885111175905
-0.4051347808091938
-0.3703380149669727
-0.4061237841729426
-0.3430632254168734
-0.32272546980907074
-0.23171167415268118
-0.39595882661202564
-0.3918443256163413
-0.40426690808009935
-0.3404420505969921
-0.38847158743166815
-0.3627051598389439
-0.3585381795183095
-0.400214942984459
-0.3738672078317824
-0.3810022974357633
-0.39285124812485694
-0.39609884767388753
-0.36855541149488413
-0.4054158012799547
-0.39213403673992736
-0.3361765760629719
-0.40266832340295766
-0.4026858048225029
-0.4011799850217685
-0.3870342088313279
0.5341036656066426
-0.4059984801542194
-0.4042246042689132
-0.4024621963701736
-0.3973796453541331
-0.39959772425457685
-0.4048113886760517
-0.37993202901668044
-0.4011364926081262
-0.4036303053618996
-0.4016628385329891
-0.3684319230493869
-0.40583213057082346
-0.4053906411791265
-0.3443480846256276
-0.3998219280109732
-0.39731172075248217
-0.37243638193845763
-0.39717465393656154
-0.4014912538275278
-0.39618651279093064
-0.39573370373359823
-0.4056621021885133
-0.39338923830631906
-0.40200327357151094
-0.4065676917530966
-0.3980827428427123
-0.4055593182721083
-0.39858087967580724
-0.40140695920084685
-0.40596563073122865
-0.4064486474139426
-0.40159663932559003
-0.4044291359241413
