0.5390451413277164
0.6267940192142999
0.06561918702684723
-0.17270360217364697
0.0850216585775659
-0.05681125572768762
-0.1672810773734461
-0.1724917847986391
0.1220896992039389
-0.08450284722037998
0.031191803008905363
-0.06656897613638238
-0.07242925684493279
-0.10036090802930071
-0.17263299638197768
-0.05956488160278962
-0.1227994286217985
-0.16976640124020484
-0.13343266084719235
-0.13871397406405464
-0.17267535985697924
-0.13841742973904367
-0.15436021749796752
-0.1726612386986454
-0.17230820974029898
-0.11510339732984677
-0.14367050063923822
-0.07196325861991552
-0.15068871633116487
-0.012386091609375439
-0.11604951493821515
-0.11907144282166042
-0.14955902366445634
-0.17268948101531312
-0.15108410876451284
-0.0991323672542552
-0.16063001179819975
-0.16243752006493337
0.24812103733360716
-0.1700347032485481
-0.16416030138166385
-0.14035202843078198
-0.13357387243053093
-0.16584071922339277
-0.16185855257324527
-0.1472431536977039
-0.16444272454834097
-0.1582858995147796
-0.12217809765510883
-0.13936354734741205
-0.16783180254846652
-0.16603841544006676
-0.1686084662568286
-0.16641968671508087
-0.14755381918104873
-0.16348248578163874
-0.16300236639828763
-0.16598193080673132
-0.16766234864846025
-0.17172924224861089
0.008640313149736716
-0.1632424260899632
-0.13161103142212488
-0.16394848400665601
-0.16865082973183018
-0.16866495089016403
-0.1726612386986454
-0.1660525365984006
-0.1462687937726678
-0.1452379492142963
-0.13802203730569568
-0.13580501544728024
-0.16924391838185215
-0.16640556555674701
-0.16819895266514678
-0.16554417489838177
-0.161491402456565
-0.17174336340694474
-0.16804361992347436
-0.1517478032062041
0.3313087810783551
-0.1629176394482845
-0.17082548811524406
-0.1630447298732892
-0.16987937050687568
-0.1685519816234932
-0.17139033444859833
-0.17151742487360302
0.5252205273188709
-0.07418028047833097
-0.1724917847986391
-0.14625467261433395
-0.10889008766294997
-0.17179984804028015
-0.17218111931529428
-0.14607109755599382
-0.16954046270686313
-0.16257873164827194
-0.17160215182360616
-0.11280164852142818
13.942467360549182
0.41434119208143066
0.29665545852707154
0.27959709925977305
0.26217158987579425
0.24663831570855224
0.23822210534157384
0.17351895785584384
0.17114660325575598
0.14661815122984745
0.14235356141302283
0.12258393974562387
0.1210870969622351
0.08987933704441249
0.07546163438554512
0.07410600318549491
0.06872584186029564
0.06563330818518108
0.064263555826797
0.05501419711812108
0.05388450445141257
0.037885232059153284
0.031657801233922624
0.027040182458751585
0.014571199649956398
0.007891891758042328
0.007086985733012515
0.0022999130578352004
-0.002473038459008257
-0.012640272459384854
-0.01546450412615613
-0.017003710384546476
-0.01756855671790073
-0.02541992075152488
-0.03668860510194227
-0.040600165960420494
-0.04294427824384065
-0.043325549518854777
-0.0460368119189552
-0.04722298921899914
-0.04742068543567313
-0.0540999933275872
-0.05411411448592105
-0.05609107665266094
-0.05618992476099794
-0.05700895194436161
-0.05799743302773156
-0.06570758547801714
-0.06875775567813013
-0.07217507599492337
-0.07217507599492337
-0.0723586510532635
-0.07295173970328547
-0.0735589495116413
-0.07968753222853496
-0.08191867524528428
-0.08204576567028898
-0.08437575679537529
-0.08525126861207438
-0.08574550915375935
-0.08664926328712616
-0.09088561078728308
-0.0941193560457362
-0.09428880994574246
-0.10037502918763457
-0.10324162432940741
-0.10403240919610336
-0.10555749429615986
-0.10558573661282757
-0.10675779275453764
-0.10768978920457217
-0.10771803152123989
-0.11513163964651449
-0.11624721115488915
-0.11675557285490797
-0.11689678443824654
-0.11870429270498015
-0.11894435239665571
-0.11949507757167611
-0.12037058938837521
-0.1263297182052626
-0.12925279798037087
-0.13015655211373767
-0.13094733698043365
-0.1310603062471045
-0.13223236238881456
-0.1326136336638287
-0.13278308756383497
-0.13316435883884908
-0.1345764746722347
-0.13583325776394795
-0.13591798471395108
-0.13670876958064704
-0.13699119274732416
-0.13802203730569568
-0.13834682394737438
-0.13840330858070982
-0.13840330858070982
-0.1387280952223885
-0.13922233576407347
