115867.0
106141.0
84065.0
81381.0
75347.0
73859.0
69746.0
68135.0
66314.0
63231.0
62141.0
60665.0
58688.0
54876.0
54830.0
54555.0
52297.0
49550.0
47810.0
46834.0
46330.0
46326.0
45956.0
45106.0
45067.0
44794.0
44553.0
44184.0
43468.0
42030.0
41909.0
40184.0
39542.0
38472.0
38408.0
37849.0
37694.0
36895.0
36810.0
36338.0
36318.0
36246.0
35819.0
35177.0
34630.0
34466.0
34451.0
34331.0
33985.0
33865.0
33624.0
33390.0
33173.0
33044.0
33000.0
32793.0
32011.0
31468.0
30886.0
30804.0
30668.0
30610.0
30601.0
30392.0
30319.0
30315.0
30313.0
30255.0
30041.0
29846.0
29837.0
29711.0
29057.0
29040.0
28992.0
28927.0
28852.0
28551.0
28473.0
28338.0
28330.0
28204.0
28126.0
28107.0
28000.0
27888.0
27798.0
27627.0
27563.0
27390.0
27216.0
27189.0
27178.0
27043.0
26964.0
26960.0
26924.0
26881.0
26798.0
26796.0
1452.0
14103.0
9807.0
6992.0
24704.0
26353.0
11717.0
13171.0
7980.0
7309.0
20747.0
20911.0
16442.0
11415.0
18385.0
23162.0
17125.0
7166.0
22442.0
11363.0
10664.0
17646.0
24103.0
17432.0
26050.0
9246.0
13537.0
13828.0
4634.0
9445.0
23639.0
19825.0
22746.0
14205.0
9877.0
26141.0
20225.0
8186.0
2528.0
12762.0
9650.0
6587.0
3615.0
6516.0
3610.0
14898.0
19612.0
4377.0
8374.0
14330.0
9140.0
23740.0
11843.0
15753.0
8211.0
17669.0
9868.0
8815.0
6967.0
9784.0
10356.0
5927.0
7832.0
8209.0
8201.0
9331.0
8474.0
13848.0
8818.0
5972.0
6152.0
10977.0
5309.0
7062.0
6215.0
5959.0
7248.0
5706.0
8187.0
6172.0
7173.0
6734.0
6105.0
6724.0
8646.0
5642.0
8175.0
25645.0
11039.0
5973.0
6182.0
13334.0
6309.0
9166.0
5781.0
5941.0
10026.0
6020.0
5993.0
6145.0
