765880.0
323336.0
3930.0
14351.0
4386.0
2900.0
60227.0
3466.0
7598.0
51763.0
32464.0
96964.0
4169.0
393065.0
175873.0
12177.0
8470.0
7455.0
106529.0
6925.0
3185.0
2015.0
245077.0
4901.0
7216.0
10106.0
3295.0
6781.0
87606.0
5011.0
14184.0
125531.0
302518.0
45.0
48539.0
2294.0
29621.0
171628.0
3802.0
6673.0
17747.0
15459.0
3393.0
5465.0
4605.0
4184.0
18860.0
270091.0
16323.0
34054.0
5823.0
751.0
1947.0
208509.0
4472.0
17946.0
354928.0
3523.0
9195.0
2085.0
1154.0
19468.0
7929.0
8387.0
5343.0
3512.0
17113.0
4363.0
23746.0
13296.0
40275.0
3702.0
3289.0
17643.0
28894.0
4275.0
10066.0
2995.0
70723.0
155784.0
3962.0
161367.0
6688.0
43780.0
73812.0
296857.0
2290.0
16877.0
40584.0
683021.0
227483.0
3683.0
4761.0
3890.0
971.0
11283.0
9156.0
4324.0
123846.0
17398.0
1005838.0
755294.0
568191.0
565561.0
482464.0
443678.0
426725.0
403386.0
400449.0
398207.0
292419.0
241453.0
234161.0
229268.0
227978.0
202803.0
192789.0
182752.0
182217.0
181626.0
180612.0
178117.0
176082.0
172066.0
168816.0
165249.0
165200.0
163286.0
161649.0
160460.0
160188.0
159684.0
159634.0
159244.0
158192.0
155779.0
155602.0
153365.0
152609.0
150775.0
149761.0
149661.0
149610.0
148342.0
146547.0
145821.0
145584.0
145407.0
138205.0
137951.0
133428.0
133138.0
131825.0
131243.0
130610.0
130392.0
130355.0
130307.0
129943.0
129909.0
129755.0
129691.0
129293.0
129244.0
128458.0
127793.0
127647.0
127371.0
127334.0
127183.0
126802.0
126031.0
125913.0
125700.0
125632.0
125602.0
125587.0
125573.0
125498.0
125488.0
125472.0
125430.0
125394.0
125376.0
125337.0
125331.0
125317.0
125165.0
125102.0
124708.0
124072.0
123784.0
123216.0
122834.0
122273.0
120609.0
120202.0
119681.0
118949.0
118612.0
