0.05758059041828478
0.06251785554669777
0.03777488188660732
0.0563378984296889
0.04461764133798063
0.04887989325578319
0.05296308339691118
0.033946402706334186
0.04729564587551553
0.046379424514884755
0.046192886255492026
0.04100902850460836
0.045187341045989315
0.027721298251920514
0.043844721962202925
0.04497265769799995
0.03797584308235339
0.04101419058482884
0.02862299382483937
0.04098021287203229
0.02448647027811996
0.03611262966203338
0.029210105439328036
0.0354396652900548
0.03740482735986402
0.03725167962256197
0.03559635278124403
0.037631496733457705
0.039525276930831306
0.029530259240767357
0.03304467394322349
0.023574922114543057
0.027800630763584515
0.032341339389905376
0.03639016175181954
0.034108604195193244
0.03687793631453519
0.03135653208391102
0.030260398289156606
0.03439797872456726
0.034247346376561155
0.03558724704708179
0.023551647182100684
0.024487663757239844
0.03363522986078774
0.026498604891732207
0.033466946469619674
0.01341298843204382
0.03309669203934102
0.031182583034286535
0.02833566378493057
0.032031280144245666
0.030768124047988888
0.01904439848647427
0.031173835831823486
0.033972544217294794
0.021955409185680952
0.03216494722378326
0.028523539011926776
0.030260193369164183
0.0239588335398849
0.03149009423634174
0.02948296589807635
0.025537478706609214
0.028582558299954666
0.022851020313786018
0.031444991505677235
0.021550440930614527
0.0269572130770063
0.03315587587460935
0.020744235254232204
0.027633520224800822
0.021831606705116916
0.02962530397723114
0.030817415564163366
0.026353523068099488
0.021664502459551014
0.02343126297553567
0.025452659279593042
0.015019862288370302
0.03163336313449578
0.014770225510647562
0.021855133487934206
0.030912703515345172
0.027966248104720367
0.010164229878075895
0.026764282922450554
0.02688566835927532
0.029895692398608738
0.019362889259849997
0.007220155480810046
0.02559859455561663
0.02432346262011836
0.02627177293044239
0.021832947825844204
0.028843249049237102
0.027188746989538916
0.019840283062347197
0.018654933857634285
0.02520784889380197
0.002249841550012031
0.007350224421574898
0.00495634891919469
0.003922248936266091
0.013968636906099107
0.01218281951062487
0.005809827950980016
0.008797104831496842
0.007782092856079361
0.0049693145780553925
0.012695174809485482
0.01175148783936489
0.012968001133432916
0.007597901525614156
0.009815042385409626
0.013051818521511823
0.008674793396506291
0.00583035132351436
0.017347799804262116
0.005488054497345704
0.0073738197382137395
0.013918403704548356
0.025104416679520947
0.012687040071266338
0.02517681885491022
0.004233943731692244
0.010298212885494342
0.013497579916066982
0.0030120500247304157
0.005020494363349495
0.012999648111064858
0.01156860402494244
0.01267009623926473
0.0034661802097272175
0.009134203492126944
0.01401986552786204
0.011799929773495454
0.006143398061358182
0.0019038769897331235
0.008751259971955506
0.0047144982777543734
0.003770156880332365
0.003212349309115681
0.005340377500199928
0.0039031256559707082
0.008503122808209267
0.011560609953813342
0.00407501193196168
0.004228171475882759
0.00983469457841273
0.005417268528425538
0.023066620485071094
0.006698676451569146
0.011572116945288022
0.005001471262265278
0.015641773673760066
0.005511907578176831
0.005233404432410815
0.003834723023867349
0.007595136786191712
0.004911019536487025
0.0034484984664430378
0.004732790011733315
0.005013610975936458
0.004704031704817254
0.005358710852065603
0.005967108622189744
0.00579206844208573
0.009768965001735989
0.003465201051400349
0.003486572753851133
0.005853033650929226
0.004069181052917242
0.004140787434404098
0.003821229146579511
0.0034965582997936845
0.004211132984351718
0.0033207560046813007
0.004164030897398458
0.0035235770955371077
0.0038343694933575495
0.0037113844241264435
0.0035329378224108025
0.0036903644975815283
0.004314414998645087
0.0052434101568946834
0.004108261563042234
0.018684697695552605
0.0050735509999356105
0.0034901418751581634
0.0038848827473507764
0.006817680282510383
0.005624655477210871
0.009444720177262406
0.0058919841390856955
0.0048607136319533195
0.010023729211955483
0.003550816519671657
0.005201726968914396
0.005129840696851896
