0.059035742023753494
0.0635194591292765
0.03844843867607029
0.05389706144107877
0.04544387079995239
0.04985127198800111
0.03439345523840712
0.048232001600527354
0.04187909328335961
0.02829117149978752
0.044993917594089716
0.045789425441012055
0.04364338106606149
0.043118972149879295
0.038680426233422584
0.0293118100990093
0.0419179960057081
0.0245604398078834
0.03699016857732196
0.03981321042954454
0.029859697493774175
0.03605180538677158
0.03818996839973448
0.037895976949590286
0.036341155064953515
0.03833294664158811
0.04029059801369548
0.030027526409937826
0.033466645746356924
0.023870513594536243
0.02837542151910817
0.0329448792461543
0.03482384074359548
0.036537586433738
0.03605808510944777
0.032238916753500484
0.035041641020654005
0.02950556065651894
0.02309273084929275
0.03417853543663135
0.03478011351983782
0.026926888278682743
0.03402314017382413
0.01295829528963089
0.031707528133986224
0.033513348028850184
0.028740908165603804
0.0325828488930182
0.03187725857597765
0.018180321595162963
0.022450932314513346
0.032739924392223695
0.029132022741006923
0.024523862852794648
0.03226404857803193
0.030174577200539298
0.021750215897215708
0.025800385052256812
0.02921548855357772
0.022980714386681086
0.02172012089832654
0.02128238451858963
0.032203333220706516
0.02818295185274764
0.02228033534365298
0.030086626627380656
0.03138348275562467
0.026668642762050276
0.022123976586366032
0.029727642096558933
0.026194625561399683
0.02365636931440723
0.015313042681428083
0.03226823446037726
0.03053963209972453
0.01504071155038997
0.022042998949624602
0.028833713756629745
0.030469184359632542
0.02723985051587027
0.030477363259663007
0.019728206049667987
0.009392799928672273
0.026139088541933794
0.02222164252968054
0.006839661327889604
0.027592132560677496
0.020079279561903397
0.0256654379514889
0.008326241967869274
0.02333458540830224
0.019288471854737553
0.01850982198460988
0.030194064358300597
0.012365156370689743
0.02994308097705002
0.028040195487805855
0.014274497920874853
0.023519622898400466
0.025751278673365942
0.007457836617937097
0.005047628878250055
0.003976730279569143
0.014115845261771847
0.00592181193902635
0.007925826990162288
0.007831815770148891
0.004983684972096309
0.012304412816141457
0.011097281198991548
0.01329172409181039
0.007690793940154556
0.009171486582954662
0.012697511951806548
0.008747597712671133
0.005888813892260652
0.017660063987291384
0.005591716608920749
0.007460170815573025
0.013914004854048088
0.025740741658423504
0.012102089826406983
0.010303561233351773
0.013636395383636786
0.0030542499797607224
0.005102172546328673
0.013228747349017711
0.011780565227874271
0.012899117729024632
0.0037652655659889344
0.0034165991115224217
0.009158696687477166
0.012043466233875927
0.0061034707265587695
0.0018633955505476998
0.00897383036088178
0.004803779531678728
0.0038358666206104253
0.0032644203410249683
0.005429796216558726
0.0039015842599914013
0.004084654614661472
0.01155903505194998
0.007991979847603352
0.004296892335214548
0.010083257997560435
0.005498605707963036
0.023545720965943047
0.011870967767729784
0.005097251777249783
0.005616277254804128
0.015841623897691292
0.005307716889292671
0.0038836411800816473
0.004995424183160807
0.0035099744032666075
0.006542475032957422
0.00481996554707821
0.0050806673106431905
0.004785262457611169
0.005441810661117778
0.006012608708741906
0.005898854043867377
0.009961524583415133
0.003525027165966931
0.0072564367290205035
0.003552732138145548
0.005960437024411301
0.004215450328074315
0.003881640730494696
0.003560244501547887
0.004283066696909914
0.0033818629888850604
0.004245503767393043
0.0035899722041967752
0.0039039309216304073
0.00377401983049782
0.003600002950476188
0.0037604253490275377
0.004395737826917332
0.005309127596463456
0.004184819438308824
0.0051493563949056055
0.0035562003673457877
0.003951583929881241
0.006921190741833934
0.005692100832937039
0.006050013548651667
0.009507969384588406
0.004953727776740003
0.010127569911573759
0.003634054454896821
0.0035762980201590345
0.017463930572434998
0.005256908872835883
0.005157289359822117
0.01154270329156419
0.0030059928423913688
0.0030527853868299163
0.0029053260900822587
