765879.0
323276.0
3898.0
13390.0
4354.0
2803.0
3335.0
7573.0
96951.0
393065.0
175872.0
11889.0
4040.0
32397.0
8449.0
106514.0
6888.0
3084.0
2007.0
7423.0
245077.0
4875.0
7167.0
10064.0
3276.0
6752.0
87547.0
4948.0
14160.0
125516.0
302517.0
45.0
2256.0
46978.0
11711.0
171628.0
6201.0
3670.0
3241.0
4566.0
29602.0
4172.0
18824.0
265655.0
32700.0
16280.0
5802.0
709.0
4456.0
206213.0
354501.0
3499.0
9153.0
1145.0
19462.0
7912.0
5400.0
8239.0
5331.0
3478.0
4317.0
40273.0
15249.0
3676.0
3282.0
17121.0
28841.0
4146.0
10056.0
2067.0
70719.0
2961.0
155763.0
3932.0
17637.0
161350.0
6664.0
73175.0
6510.0
2171.0
40525.0
683019.0
291128.0
3649.0
966.0
222602.0
9084.0
4286.0
17346.0
59997.0
2052.0
2694.0
109986.0
7008.0
443590.0
11900.0
3375.0
155709.0
96954.0
168806.0
755294.0
568191.0
565561.0
482463.0
426722.0
400444.0
398346.0
398207.0
289380.0
241188.0
234161.0
229267.0
223266.0
202317.0
192767.0
182749.0
182197.0
181624.0
180612.0
178029.0
176082.0
170570.0
165109.0
163268.0
161649.0
160460.0
160120.0
159679.0
159597.0
158867.0
158694.0
158153.0
155595.0
153361.0
152603.0
150768.0
149761.0
149661.0
149610.0
148342.0
146523.0
145402.0
145293.0
140063.0
138205.0
137951.0
133410.0
133121.0
131243.0
130610.0
130355.0
130349.0
130302.0
129938.0
129755.0
129691.0
129604.0
129293.0
129234.0
128458.0
127769.0
127644.0
127370.0
127319.0
127183.0
126849.0
126802.0
126030.0
125700.0
125632.0
125602.0
125587.0
125573.0
125498.0
125488.0
125472.0
125430.0
125394.0
125376.0
125337.0
125330.0
125317.0
125102.0
124708.0
124072.0
123743.0
123215.0
122273.0
122200.0
120606.0
120184.0
119833.0
119633.0
119240.0
118934.0
118606.0
118511.0
117607.0
117605.0
117539.0
