115825.0
105079.0
84045.0
75392.0
75291.0
73797.0
68072.0
66139.0
60590.0
54843.0
54778.0
54478.0
53532.0
53460.0
52219.0
47797.0
46799.0
46295.0
46285.0
46019.0
45911.0
45042.0
45029.0
44738.0
44499.0
44111.0
43197.0
41977.0
41833.0
40140.0
39485.0
38445.0
37790.0
37518.0
36944.0
36855.0
36343.0
35105.0
35061.0
34561.0
34555.0
34427.0
34398.0
33810.0
33772.0
33751.0
33581.0
33286.0
32957.0
32364.0
31893.0
31419.0
30855.0
30642.0
30572.0
30569.0
30346.0
30345.0
30282.0
30271.0
30222.0
29831.0
29747.0
29659.0
29021.0
28962.0
28913.0
28856.0
28833.0
28741.0
28454.0
28377.0
28317.0
28284.0
28214.0
28174.0
28084.0
27961.0
27845.0
27746.0
27451.0
27340.0
27289.0
27160.0
26924.0
26903.0
26879.0
26851.0
26739.0
26698.0
26606.0
26469.0
26413.0
26369.0
26301.0
26214.0
26201.0
26110.0
26070.0
25984.0
14081.0
9790.0
6972.0
24650.0
11702.0
7960.0
12443.0
7274.0
20391.0
20393.0
16431.0
11392.0
17875.0
22833.0
17060.0
7153.0
22408.0
11350.0
10643.0
17593.0
24049.0
16956.0
13460.0
13790.0
4627.0
9428.0
23617.0
19807.0
22727.0
8922.0
14146.0
9854.0
20209.0
8085.0
2511.0
12759.0
9638.0
6577.0
3605.0
6508.0
3588.0
4357.0
19462.0
14471.0
8361.0
14324.0
9125.0
23687.0
15747.0
8198.0
9855.0
16664.0
8801.0
6957.0
10337.0
5916.0
11683.0
7820.0
8192.0
8189.0
9318.0
8453.0
13834.0
8795.0
5961.0
9526.0
6145.0
10962.0
7051.0
6201.0
5949.0
7237.0
5698.0
8178.0
6164.0
7163.0
6725.0
6097.0
6715.0
8637.0
5633.0
8166.0
11025.0
5966.0
6172.0
13313.0
6288.0
5776.0
9109.0
5928.0
10002.0
5103.0
5993.0
24605.0
5971.0
6125.0
16264.0
5009.0
5164.0
4710.0
