0.0016111262394709182
0.0015702525498239247
0.0025487069519331434
0.0010137686006975535
0.0007543772440267302
0.0010300459658568852
0.0017534280575975
0.0009172702832330514
0.0009424683147529665
0.00040900742455476496
0.0003658048330194602
0.00047470364638089964
0.0004907175539454788
0.0005168321626661368
0.0005248223441303312
0.0003251467107032816
0.00042149617259900057
0.0004725827129547419
0.0007477407200222879
0.0005283207774823708
0.00033065461995070047
0.000408095418961513
0.0005006774037789248
0.00034562593491719115
0.0004719956816231992
0.0003754747432937961
0.0004117642396937095
0.0003485117326338249
0.00044001462231165833
0.0002345124468308466
0.00026689938757679105
0.0006361701924290383
0.0003257073122883727
0.00033520300064793105
0.0003134760074372385
0.00022259708200176643
0.00032541645863587307
0.0003018978830716776
0.0003632903471666739
0.00032235778545159786
0.0002898301740273441
0.00022535159997205104
0.0002796010657391907
0.00034711265555745306
0.00032381700844386546
0.0002927375902136765
0.00026984574891602913
0.00048686551226554444
0.000313663496348316
0.00023063320370997678
0.0002217386987769724
0.00027534580464858184
0.00022097831411135396
0.0004027940444072435
0.00028263668027875163
0.0002277241441438055
0.00029453213280541436
0.0002070057881410125
0.00023622953789668815
0.0002173730967285271
0.00023012644345033937
0.0001532053408569926
0.00024357016765113725
0.00023378487238834145
0.0003625589569285552
0.0002361008178114719
0.00025428910732448886
0.00016818207611479544
0.0002846488651608593
0.000311655371375552
0.000233113118135091
0.0002217385784934069
0.00014231099697474095
0.0002814949630619079
0.0002905577642336648
0.00012676363491612521
0.00021952712270953957
0.0002584600581258833
0.0002600598020355364
0.00023989756828828707
0.00017154725852839252
0.0001134921062905093
0.00039442154699369345
0.00021433421553828546
0.0001611880941278062
0.00033218207276967823
0.00019147561099550441
0.000311032968502997
0.00035202523465150434
0.0006431687352043705
0.00013652564885338175
0.00018650019531924746
0.00012748821743186834
0.00024168271952383576
0.0001799909624902515
0.00023033185924156442
0.0002509358191175624
0.00012453502194820944
0.00010754957763606489
0.00017877485474817952
7.185970253775892e-05
3.928205550787077e-05
2.688970882235618e-05
0.00011156720739385954
5.5419678990107e-05
6.427446766953338e-05
4.3634588495806234e-05
2.392743921452359e-05
8.252258140170862e-05
0.00013704431510229821
6.983400216691393e-05
6.067427561682645e-05
0.0001883730041183591
0.0001083177928008562
0.00015526039116709714
2.2268760352106385e-05
9.920758159220513e-05
4.715152569773934e-05
3.3017113735794104e-05
6.407418620443613e-05
0.00013669420864869907
6.347165124158829e-05
5.250581143979935e-05
7.088312255097851e-05
1.3265254000759195e-05
3.5810692799443205e-05
0.00012358728035563723
9.678532663164141e-05
0.00011194920127318271
9.452258049883521e-05
0.00015382176914448414
3.27029405286824e-05
9.83039297165762e-05
2.3640642271075256e-05
5.617549212506682e-06
4.875212976321122e-05
3.463033933433314e-05
2.1057855413562882e-05
2.6774648487860997e-05
1.844171345902899e-05
8.43438461795762e-06
1.0903157204003174e-05
8.694211494302784e-05
0.00011447624799423048
2.794060137866805e-05
5.561817772957038e-05
2.7072505890790465e-05
0.0001352504163724358
5.663566040870415e-05
2.3988327249025297e-05
3.0861940873185116e-05
0.00011896587344137939
2.54559723337126e-05
2.0632119707235777e-05
3.9266126708598806e-05
1.7600547699165058e-05
4.223540054404071e-05
2.2597145708827007e-05
2.2747709634742584e-05
2.499700322168523e-05
2.7892865737484468e-05
5.291347703424936e-05
7.150744710074983e-05
3.0998899478357015e-05
1.6669497305943156e-05
3.241709503977601e-05
1.763510938552958e-05
3.5252389986327845e-05
2.0812565681916582e-05
1.7926573353105225e-05
1.6723764030955834e-05
2.1973664966737227e-05
1.6655415757401114e-05
2.6580424956589892e-05
1.820274193744279e-05
2.2457570048648878e-05
2.0033756716714547e-05
1.721369150170556e-05
1.9919044721140735e-05
2.9112908550784254e-05
1.5502944915244982e-05
2.7847714490526872e-05
4.51963682765841e-05
1.6978198366319545e-05
1.693646985985099e-05
4.813526513098175e-05
1.5534638702735778e-05
2.3396753572631102e-05
3.2408133752582495e-05
1.566586067689907e-05
4.295442684289752e-05
2.844576667704343e-05
1.8248269531163656e-05
0.0002468615572925743
1.4648114279581316e-05
1.5145530941647406e-05
6.574983366946549e-05
1.2951922517037504e-05
1.3268766416213279e-05
1.1854766419995153e-05
