0.13111768411251867
0.03887656451127042
0.01002382713006318
0.003560375756579852
0.002601813052885276
0.002889381863993649
0.006367595103113927
0.0024511817708761287
0.008394270533782427
0.012310683866020203
0.005984170021636103
0.0011091939857037225
0.0007805439158655823
0.0013967627968120952
0.0014652315613617078
0.0016980253608303904
0.0005751376222167447
0.0008490126804151949
0.001232437761893025
0.0013693752909922502
0.00501191356503162
0.0009174814449648073
0.0006299126338564347
0.0007394626571358148
0.0010955002327938
0.0002464875523786049
0.0029030756169035714
0.0007120751513159698
0.0018623503957494606
0.0018623503957494606
0.007572645359187089
0.0006025251280365897
0.0002601813052885274
0.0020814504423082207
0.0006846876454961248
0.0032591131925615567
0.0005340563634869773
0.0006299126338564347
0.0011365814915235675
0.0006162188809465122
0.0007668501629556598
0.00016432503491906994
0.001177662750253335
0.0159943033987893
0.001739106619560158
0.0004108125872976747
0.00017801878782899242
0.0007120751513159698
0.0005340563634869772
0.004121819625886671
0.010872839810478362
0.00034234382274806233
0.00017801878782899242
0.0005477501163968997
0.0009037876920548848
0.0002464875523786049
0.00016432503491906994
0.00034234382274806233
0.0003286500698381398
0.0004108125872976747
0.0006709938925862023
0.0002327937994686824
0.0002601813052885274
0.00010955002327937995
0.0008764001862350399
0.0003286500698381398
0.0011913565031632576
8.216251745953496e-05
0.0016706378550105454
0.0005203626105770546
0.001793881631199848
0.00038342508147782975
0.0011365814915235675
0.00016432503491906994
0.0006573001396762799
0.0015610878317311653
0.0005751376222167447
0.00104072522115411
0.0005614438693068222
0.00015063128200914745
0.0004929751047572096
0.07172787774217816
0.006148495056555171
0.00017801878782899242
8.216251745953496e-05
0.003354969462931014
0.00017801878782899242
0.0005751376222167447
0.001232437761893025
0.005272094870320144
9.585627036945745e-05
0.00010955002327937995
0.0006299126338564347
0.0004108125872976747
0.005463807411059056
0.0004245063402075972
0.0002601813052885274
0.0011091939857037225
0.0006709938925862023
0.0033686632158409367
0.009914277106783801
0.0025333442883356634
0.002492263029605896
0.00638128885602385
0.0019582066661189184
0.025333442883356306
0.0011639689973434125
0.0011091939857037225
0.002163612959767756
0.0031632569221920993
0.006573001396762762
0.0012187440089831026
0.003560375756579852
0.001903431654479228
0.004491550954454573
0.0004518938460274422
0.002136225453947911
0.0005477501163968997
0.0003286500698381398
0.002259469230137213
0.0022320817243173686
0.0006162188809465122
0.0007531564100457373
0.0014515378084517853
0.00010955002327937995
0.0003149563169282173
0.000958562703694575
0.0007120751513159698
0.0007805439158655823
0.001656944102100623
0.001985594171938763
0.0007531564100457373
0.0006436063867663572
0.00012324377618930243
0.00010955002327937996
0.00028756881110837234
0.00020540629364883744
0.00015063128200914745
0.00045189384602744225
0.00016432503491906994
0.00016432503491906994
0.0002464875523786049
0.0005340563634869772
0.003190644428011944
0.00016432503491906994
0.00030126256401829485
0.00016432503491906994
0.001739106619560158
0.0003149563169282173
0.00010955002327937995
0.00010955002327937995
0.0014652315613617078
9.585627036945747e-05
5.4775011639689975e-05
0.00020540629364883744
9.585627036945745e-05
0.0006162188809465122
8.216251745953497e-05
0.00012324377618930243
0.00015063128200914745
0.00015063128200914745
0.0008216251745953499
0.0005477501163968997
0.00036973132856790724
2.7387505819844987e-05
0.00015063128200914745
9.585627036945745e-05
0.00016432503491906994
9.585627036945747e-05
9.585627036945745e-05
6.846876454961247e-05
8.216251745953496e-05
5.4775011639689975e-05
0.00010955002327937995
4.108125872976748e-05
9.585627036945745e-05
8.216251745953496e-05
6.846876454961247e-05
0.00013693752909922494
0.00013693752909922494
0.00024648755237860487
9.585627036945745e-05
0.00017801878782899242
2.7387505819844987e-05
4.108125872976748e-05
0.00019171254073891493
0.00017801878782899242
0.00019171254073891493
0.00039711883438775227
0.00010955002327937995
0.0006709938925862023
0.00020540629364883742
2.7387505819844987e-05
0.002300550488866981
9.585627036945745e-05
0.00016432503491906994
0.0002327937994686824
4.108125872976748e-05
5.4775011639689975e-05
1.3693752909922494e-05
