(64595, 0.2774277344602224)
(29, 0.22041572424749703)
(44, 0.11108101202526886)
(23, 0.11137603569234387)
(492953, 0.09648194770330117)
(66669, 0.15223938824047173)
(374208, 0.14163834678738182)
(4365, 0.008842788705853302)
(281646, 0.1286707250276613)
(34762, 0.09788412644422673)
(52270, 0.008437413761718169)
(24639, 0.12229031135603499)
(177349, 0.1254465621595155)
(185961, 0.11927469604990631)
(159, 0.07333702952453)
(283928, 0.12148543286261566)
(185008, 0.11594387318114319)
(56505, 0.07093479672663788)
(185745, 0.11015411415126299)
(83385, 0.1125737846256521)
(58, 0.05195745101455042)
(177253, 0.08808973840193576)
(382975, 0.0879150837813554)
(66204, 0.06832880041708196)
(281654, 0.05367046820657316)
(12, 0.030282083063474498)
(294729, 0.09325984016498237)
(184852, 0.0635238512444201)
(283586, 0.08443188378755391)
(83257, 0.07176047367672159)
(289424, 0.0853874651433448)
(504271, 0.08471996275373762)
(87306, 0.08002372671552686)
(234431, 0.040084711620823936)
(417785, 0.07050553960403304)
(188079, 0.009086715602476012)
(69017, 0.06901537860833994)
(635986, 0.057005712685106034)
(77933, 0.06151422425611492)
(64533, 0.052677035063084215)
(189473, 0.05981976515552052)
(519988, 0.06233349619464289)
(502434, 0.05686358860906068)
(283974, 0.052572636513270835)
(506003, 0.056761028603371504)
(574756, 0.053437934656477414)
(289212, 0.05172920892837883)
(188149, 0.04151802349282902)
(894344, 0.03823829379360855)
(504821, 0.03538827178429593)
(439173, 0.047461971221167146)
(184398, 0.04780235401138527)
(194224, 0.04394800232736311)
(514305, 0.046312084117958195)
(579549, 0.044004434820291136)
(65108, 0.037554159920957855)
(398347, 0.0418711237824529)
(142982, 0.04147269960369474)
(493089, 0.04058017188734359)
(68233, 0.04044683524699997)
(78945, 0.03306755277428456)
(289253, 0.04595875531656262)
(529169, 0.0422029195170821)
(74352, 0.03698478546416886)
(387418, 0.016568315747080994)
(493026, 0.037153275078026654)
(25795, 2.740124147071594e-06)
(194929, 0.037035534112255304)
(420375, 0.0403778153637647)
(291792, 0.03122505845915234)
(287263, 0.035763532299562265)
(373683, 0.041195712755931736)
(505790, 0.03720044892889313)
(514814, 0.03574207622753294)
(500120, 0.03533203796594914)
(103650, 0.012045877343942791)
(515264, 0.031980343221604465)
(292552, 0.033526180960718896)
(71897, 0.024429126051433367)
(527770, 0.03547171142359785)
(286769, 0.02770592197273881)
(379890, 0.03330858123402376)
(726830, 0.0070427251209950175)
(520056, 0.03236685067278731)
(505365, 0.029377770575741893)
(215759, 0.031446294634381845)
(493092, 0.028706081117558787)
(288805, 0.02790433762605488)
(290564, 0.029912608390892582)
(287008, 0.030323491859805884)
(9514, 0.019708216005564425)
(187037, 0.029322759749672033)
(57271, 0.034109204867984605)
(81131, 0.02647184421124089)
(288035, 0.02967102532947129)
(675598, 0.028108807893264882)
(513302, 0.028398847693702173)
(500909, 0.024979626417673907)
(7547, 0.003129939284692597)
(74489, 0.0256025545890384)
(2269, 0.0037995292208629176)
(506477, 0.016044274211515643)
(249690, 0.00469887896628868)
(21463, 0.0031835672737995976)
(187312, 0.012060039417762534)
(614655, 0.0061138735385295176)
(193633, 0.00816260529034127)
(636296, 0.01761164431603421)
(971265, 0.01067708809016469)
(618366, 0.013402103418537235)
(193360, 0.005652799750276552)
(620558, 0.014240220846076164)
(510163, 0.011904672757059016)
(493639, 0.020178526656663462)
(55756, 0.007583010090727856)
(374681, 0.012067804241581508)
(908875, 0.007691975706339308)
(855444, 0.005778030023422139)
(498519, 0.003324590002501094)
(74167, 0.012375387717645816)
(637270, 0.007574491804362018)
(729202, 0.004542385156176707)
(512044, 0.009369493279754271)
(75887, 0.0014726944286102422)
(573810, 0.015000908422728413)
(526629, 0.0158627482418471)
(540505, 0.012900897364837507)
(418340, 0.012753342437437799)
(635250, 0.007650900848302913)
(229130, 0.013017849645159129)
(498525, 0.0031931137704675153)
(197102, 0.003624654429748198)
(494062, 0.003618107321477047)
(757202, 0.005822276761186401)
(522668, 0.0012168878172694622)
(675254, 0.004793126999768385)
(534541, 0.01096038278408723)
(184008, 0.01293517745792483)
(482292, 0.0071575724231317224)
(15092, 0.006817268339002903)
(192871, 0.0017810769326548224)
(706650, 0.00875295800986195)
(178835, 0.0009307496956541103)
(439060, 0.01681689230906913)
(283381, 0.01578884092856137)
(513573, 0.0018238028386502781)
(330, 0.0027824474798880416)
(3400, 0.005667560537523224)
(551126, 0.005574235237332284)
(25631, 0.009700980418080627)
(678346, 0.0037627671041731417)
(58686, 0.006879936249715057)
(58702, 0.010107703557441226)
(194041, 0.002637692736745532)
(377052, 0.011519158252444305)
(195962, 0.011574778506049245)
(499109, 0.011486684518681409)
(637084, 0.004086365104901888)
(496664, 0.013383566070321706)
(561799, 0.0014322652396222752)
(751496, 0.0030638168849574676)
(497328, 0.02049519276031592)
(419908, 0.0013831718844441899)
(505521, 0.005825395743728111)
(528428, 0.0014973398132839804)
(3484, 0.007114666413405059)
(502409, 0.00217309268682304)
(1006299, 0.001103544800226667)
(352872, 0.0020923905026987624)
(79054, 0.007318321729187211)
(419383, 0.0034505006816567024)
(636294, 0.00366439361007043)
(326829, 0.0016399037285856012)
(540559, 0.014524904236256894)
(47570, 0.005269618503314161)
(568580, 0.001179435236800862)
(245126, 0.005416771717606894)
(501897, 0.011326183865069037)
(761407, 0.0011646608445319737)
(321295, 0.0015941388669688705)
(2726, 0.00915854438432631)
(73889, 0.00639625759608622)
(69793, 0.009656436467024286)
(468928, 0.007058495498778263)
(857, 0.009500804139144666)
(285893, 0.0025372318322760866)
(11799, 0.00936070599337643)
(997341, 0.004713507756746159)
(962134, 0.0029951649979170934)
(495990, 0.004766060316607676)
(290258, 0.007042934568103132)
(496423, 0.00039509351597423996)
(79898, 0.0074139205447209654)
(290157, 0.001741190245140096)
(60199, 0.0031998800214159406)
(284109, 0.0037387925278072015)
(177378, 0.001996761532501831)
(933300, 0.0013634821390788735)
(287873, 0.0036403186336380756)
(605647, 0.0010970211467462205)
