2.915771710451353
3.239527206723678
1.4292255133177623
2.5447233050603195
1.9343442676024682
2.2525892249282267
1.1364275636836134
2.1356666636787938
1.6769425879640967
0.695800322112611
1.9018545230367478
1.959295711164255
1.804336411707403
1.7664704480632951
1.4459766251724953
0.7694975131772986
1.679751634539485
0.4264155991372267
1.3239282904091623
1.5277715067302893
0.8090587859380077
1.2561719549199986
1.4105621653372065
1.3893339420570157
1.27706501004621
1.420886186803781
1.562242203829054
0.8211771985770385
1.0695054854197996
0.3765981377906239
0.7018837582826831
1.0318303225502927
1.1675043844422281
1.2912487182926418
1.2566253944844565
0.9808549305307457
1.1832310761865565
0.7834876482423109
0.32043682503336307
1.1209088622479335
1.1643469753784774
0.5972896041280381
1.1096882456825956
-0.4113397649786626
0.9424849838602951
1.072877714373993
0.7282744309839884
1.005689218219503
0.9547406998624862
-0.03427321989888328
0.27409451613113384
1.017031159515232
0.7565156180345719
0.42377448910102433
0.9826696227006386
0.831795286330562
0.2234979271650466
0.5159482521781898
0.7625424290341652
0.31234845893220176
0.2213248593573842
0.18971725443431606
0.9782855524795205
0.6879861124492372
0.26177623073007245
0.8254446444880299
0.9190866583600158
0.5786424853581097
0.250486043175732
0.7995234696692368
0.5444151533417313
0.361135434400696
-0.24131065910840385
0.9829718724599688
0.8581547838793201
-0.2609748570059568
0.2446388957413214
0.7349756388149729
0.853067968070479
0.6198876499080306
0.8536585414220098
0.07749478150405857
-0.6687932779627689
0.5404049950566521
0.2575382021774102
-0.8531476061451224
0.6453248587149606
0.1028447258709401
0.5062041348417482
-0.7458061656575858
0.3379004028941051
0.045742920457283835
-0.010481004735284816
0.8332023943803039
-0.45416851187343826
0.8150796521910622
0.6776781120357344
-0.316300799306982
0.35126139401505324
0.5124024307773778
-0.8085110594802836
-0.982544787415658
-1.0598710992934082
-0.3277566224942983
-0.9194227027672164
-0.7747189063081305
-0.781507168920219
-0.9871619812713757
-0.4585546181297631
-0.545717899527463
-0.3872638911488575
-0.7916899238711966
-0.6847736376483151
-0.4301701320535328
-0.7153813562739867
-0.9218053907814727
-0.07183943026894364
-0.9432578767758248
-0.8083425142094219
-0.3423309008960111
0.5116415851616463
-0.47316374230222685
-0.6030299902167757
-0.36237623153299475
-1.1264805798286617
-0.9786063559955415
-0.3918112490968742
-0.4963800500022586
-0.41561279560288833
-1.0751403193797764
-1.1003164574684774
-0.6856971568758077
-0.47739677258635865
-0.9063056774229229
-1.2124685352781803
-0.6990457888038136
-1.000152402784084
-1.070042433197757
-1.1113048209635397
-0.9549496529856135
-1.0652971634916408
-1.052078213202393
-0.5123760663337346
-0.7699422108372493
-1.0367531766471811
-0.6189374129545231
-0.9499811301030241
0.3531458556369939
-0.4898523591452356
-0.9789616696778465
-0.9414844276688445
-0.20314342643872313
-0.9637646277606563
-1.0665927784031348
-0.9863143287512488
-1.0935741132913719
-0.8746065193942621
-0.9989836601259275
-0.980159183278786
-1.001489464057836
-0.9540821266967983
-0.9128665457779687
-0.9210804221472829
-0.6277274104012821
-1.0924871993439442
-0.8230535293665002
-1.0904867080538378
-0.9166337035076595
-1.0426338548475567
-1.066737224748332
-1.0899442632732548
-1.0377514836958317
-1.1028246466245646
-1.040463787929343
-1.087797716803525
-1.0651277182332448
-1.0745082007193278
-1.087073427299249
-1.0754898166400904
-1.0296158460646836
-0.9636627649112786
-1.0448456176960812
-0.9751993546275812
-1.0902362778327772
-1.0616868402804154
-0.8472606165668047
-0.9360094390400291
-0.9101656567113827
-0.660477243860258
-0.9893250987074781
-0.6157377851960081
-1.08461467233031
-1.0887850878028695
-0.08600162417368333
-0.9674333192047079
-0.974626539498301
-0.513555332791511
-1.1299650800970777
-1.1265863336039312
-1.1372339183366298
