0.059544336632043754
0.06402276801774566
0.03868173847911426
0.045708945453029996
0.050144441657495216
0.03453963171592873
0.048575258821246775
0.04219704669242657
0.028507050112831587
0.04539167616648556
0.04604815009760855
0.04386738304311163
0.043370515051688555
0.038937125975851306
0.029561405482399727
0.042197716328373554
0.03729175269252333
0.0245507206576679
0.04003725839088835
0.030087290812116852
0.03626788640871451
0.03837524750283702
0.038063593566993126
0.03660969129191978
0.038593893634838825
0.040608785546137754
0.030181975693971103
0.03359369686449782
0.023933239795689693
0.02852870843994203
0.0331464310882907
0.03507338425930681
0.03674212528147724
0.03623581600591221
0.032554065454722364
0.03525621844491764
0.029549626915614594
0.03496288292544052
0.03433322657016729
0.02707060970491338
0.034150965933909906
0.013057306904945491
0.031943300210521844
0.03368322276149488
0.02887511091313935
0.03279501220645554
0.032068717757275364
0.018311326882085383
0.022654140163954704
0.032886430057318644
0.029329263132724038
0.024714119373020985
0.030398834098186642
0.03250149378842488
0.021893481624503615
0.025813602395406206
0.02942857018090525
0.02296543168743701
0.021728990217869344
0.021468802506244465
0.032403851600278165
0.02836635714900075
0.022437213993785645
0.03022561770606506
0.031542431817698516
0.026764762294795755
0.02227348522588835
0.029977286361375755
0.026462751501619638
0.023687309760486143
0.015432302960932622
0.03248600424350643
0.030665089167903278
0.015160902676033127
0.022043505316228073
0.02914823162272912
0.030606953595663275
0.027408579909495093
0.03062723807266736
0.019825200894720594
0.00946319503188454
0.026294518660573696
0.0069107409153792215
0.022340780271882413
0.027735877142575804
0.020103881537354505
0.02578480843477599
0.00838734103639563
0.02339129361003449
0.019394276152186196
0.018619260119313
0.03039448582525104
0.012462941821109809
0.03011584296606119
0.02825470790900518
0.014378704487682088
0.023647273468522006
0.02593243700239658
0.02203651079789802
0.02035991441924439
0.007518868776857174
0.005093064680903324
0.004010822322284413
0.01419622259785756
0.00597341782313735
0.007999568757691094
0.0078927831418109
0.005019350516386049
0.012301375548613743
0.011125706069170897
0.013415793738369045
0.00774250068883125
0.00922928592785084
0.012705836735999886
0.008746289587564429
0.005904272795548049
0.017706518169409186
0.005640363484974872
0.007520779069849808
0.013853984181316703
0.025990322438155217
0.01207439931662935
0.010280793511537075
0.013652669022031466
0.003082873511323103
0.00514345884580464
0.013323179385803756
0.011871966717693395
0.012997746632230613
0.003792602119255731
0.0034534679966583886
0.00908823523700972
0.012133998145245824
0.001832799323528444
0.009051341722298182
0.004846832984888016
0.003866631336032845
0.003275610452034722
0.005473800697998922
0.003928736225743859
0.004096855424423688
0.011652558530176995
0.008024798252687506
0.004337342532620819
0.01017025203372812
0.00554557648116649
0.023750149897577507
0.011972174783849161
0.0051394440905035066
0.0056642539804212765
0.01592154318191034
0.005352049444769671
0.003916099017172735
0.005040771004673293
0.003542087137773115
0.006597329520744531
0.004860105915716965
0.005124304335027773
0.004826303436481445
0.005487383171094884
0.006052621959808652
0.005953890546306247
0.010035286634223792
0.003554119794325487
0.007311816662440805
0.003585705562821858
0.006012436641196177
0.004250511929455206
0.003914582365011672
0.0035894985150908888
0.0043184740562737965
0.0034123018875716784
0.004282634898002685
0.003621739499041082
0.003937057446884477
0.0038052766770990732
0.003629442701877432
0.003791085141780741
0.005354256748474218
0.004433773120136711
0.004221790457558076
0.005198775518727453
0.00358398773712314
0.003983718826208165
0.006981772516488236
0.0057396324897029056
0.0061043412311206705
0.00957010708478014
0.004993238862828568
0.010133795016831867
0.003653047783801191
0.003605810696643769
0.017566505138709564
0.0052994142613646865
0.005159590785837929
0.011596139386401626
0.003033692134888452
0.0030812022201963936
0.0029321102845686485
0.0032694903263656675
