115751.0
104999.0
83998.0
75207.0
73692.0
68010.0
66073.0
60527.0
54777.0
54734.0
54407.0
53458.0
53386.0
52162.0
47763.0
46742.0
46242.0
46209.0
45959.0
45868.0
44996.0
44928.0
44664.0
44461.0
44059.0
43154.0
41932.0
41776.0
40076.0
39432.0
38404.0
37749.0
37455.0
36901.0
36832.0
36300.0
35036.0
34510.0
34491.0
34384.0
34344.0
33776.0
33733.0
33687.0
33542.0
33251.0
32912.0
32329.0
31855.0
31360.0
30807.0
30617.0
30532.0
30529.0
30322.0
30262.0
30242.0
30207.0
30174.0
29814.0
29703.0
29620.0
28995.0
28917.0
28861.0
28809.0
28804.0
28705.0
28437.0
28330.0
28279.0
28244.0
28140.0
28139.0
28033.0
27947.0
27786.0
27704.0
27384.0
27313.0
27263.0
27117.0
26890.0
26885.0
26838.0
26807.0
26695.0
26682.0
26561.0
26432.0
26385.0
26325.0
26260.0
26177.0
26164.0
26072.0
26029.0
25949.0
25942.0
25851.0
14063.0
9783.0
6966.0
24619.0
11692.0
7954.0
12428.0
7264.0
20351.0
20355.0
16418.0
11373.0
17846.0
22778.0
17023.0
7135.0
22366.0
11341.0
10625.0
17533.0
24033.0
16905.0
13412.0
13763.0
4623.0
9417.0
23584.0
19783.0
22695.0
8916.0
14141.0
9801.0
20176.0
2503.0
12741.0
9630.0
6570.0
3599.0
6499.0
3575.0
4347.0
19435.0
14451.0
8355.0
14307.0
9115.0
23674.0
15729.0
8189.0
9846.0
16635.0
8791.0
6950.0
10330.0
5912.0
11671.0
7812.0
8184.0
8182.0
9307.0
8438.0
13826.0
8780.0
5955.0
9508.0
6141.0
10952.0
7044.0
6196.0
5942.0
7230.0
5693.0
8171.0
6159.0
7157.0
6718.0
6090.0
6707.0
5627.0
8629.0
8160.0
11018.0
5959.0
6166.0
13300.0
6281.0
5772.0
9094.0
5919.0
9980.0
5100.0
5987.0
24576.0
5962.0
6112.0
16232.0
5005.0
5160.0
4706.0
5964.0
