0.13039191520829269
0.03891764577000019
0.010420945964450926
0.002355325500506671
0.0026976693232547335
0.006230657574014704
0.002437488017966206
0.007942376687754991
0.011708158737983622
0.005094076082491154
0.0011365814915235675
0.0008764001862350398
0.001232437761893025
0.0014378440555418627
0.0016706378550105454
0.0007805439158655823
0.0012461315148029476
0.0009996439624243424
0.001793881631199848
0.005176238599950688
0.0009722564566044974
0.0007531564100457373
0.0008900939391449624
0.0008216251745953499
0.00036973132856790724
0.0030400131460027965
0.0006983813984060473
0.0019582066661189184
0.001985594171938763
0.006490838879303228
0.0005066688576671321
0.0002191000465587599
0.001766494125380003
0.0007120751513159698
0.0031769506751020216
0.00038342508147782975
0.0004245063402075972
0.0005751376222167447
0.0007120751513159698
0.00012324377618930243
0.00104072522115411
0.016487278503546504
0.0014926190671815528
0.0002327937994686824
0.0002601813052885274
0.0006846876454961248
0.0005888313751266672
0.003971188343877524
0.011420589926875254
0.0004518938460274422
0.00028756881110837234
0.0004382000931175197
0.0002738750581984499
0.0009037876920548848
0.0002191000465587599
0.00039711883438775227
0.00036973132856790724
0.0004108125872976747
0.0004518938460274422
0.0003286500698381398
0.00021910004655875993
0.00020540629364883744
0.0008627064333251173
0.0004929751047572097
0.00115027524443349
5.4775011639689975e-05
0.0014241503026319402
0.0003286500698381398
0.0015610878317311653
0.0003286500698381398
0.00098595020951442
0.0002601813052885274
0.0006573001396762799
0.0015063128200914753
0.0006162188809465122
0.0009037876920548849
0.0005751376222167447
0.0002875688111083724
0.00036973132856790724
0.07175526524799801
0.006696245172952062
0.00017801878782899242
0.003642538274039387
8.216251745953496e-05
0.00010955002327937995
0.00036973132856790724
0.0011365814915235675
0.0046969572481034075
9.585627036945745e-05
0.00012324377618930243
0.0006025251280365898
0.0004792813518472872
0.005682907457617813
0.00039711883438775227
0.00036973132856790724
0.0010544189740640324
0.0006573001396762798
0.0031769506751020216
0.0002875688111083724
0.0004655875989373648
0.01050310848191046
0.002574425547065431
0.0020814504423082207
0.006408676361843694
0.002191000465587601
0.02638786185742032
0.0012872127735327151
0.00120505025607318
0.0014378440555418627
0.003532988250760007
0.007011201489880275
0.0015063128200914753
0.002834606852353959
0.001903431654479228
0.003875332073508068
0.0004108125872976747
0.002273162983047136
0.0005888313751266672
0.00019171254073891493
0.002149919206857833
0.002505956782515819
0.0006983813984060473
0.0007394626571358148
0.0015610878317311653
0.00017801878782899242
0.0004382000931175197
0.0007942376687755049
0.0006709938925862023
0.0006983813984060473
0.0016432503491907004
0.0021088379481280658
0.0007668501629556598
0.0005888313751266672
0.00012324377618930243
0.00038342508147782975
0.0002738750581984499
0.00019171254073891493
0.0005066688576671321
0.00016432503491906994
0.00030126256401829485
8.216251745953496e-05
0.0006162188809465122
0.0034919069920302396
0.00010955002327937996
0.00038342508147782975
6.846876454961247e-05
0.001711719113740313
0.00038342508147782975
5.4775011639689975e-05
0.00012324377618930243
0.0014104565497220177
0.00017801878782899242
4.108125872976748e-05
0.00012324377618930243
0.00015063128200914745
0.0006162188809465122
9.585627036945745e-05
8.216251745953496e-05
0.00016432503491906994
0.00010955002327937996
0.0006299126338564347
0.0003286500698381398
0.0003012625640182948
9.585627036945745e-05
0.0002738750581984499
0.00013693752909922494
0.00016432503491906994
0.00012324377618930243
0.00017801878782899242
2.7387505819844987e-05
9.585627036945745e-05
9.585627036945745e-05
0.00010955002327937995
8.216251745953496e-05
5.4775011639689975e-05
8.216251745953496e-05
6.846876454961247e-05
0.00012324377618930243
0.00019171254073891493
0.00016432503491906994
6.846876454961247e-05
0.00020540629364883744
0.00013693752909922494
4.108125872976748e-05
0.0002875688111083724
0.00024648755237860487
0.00015063128200914745
0.0003286500698381398
4.108125872976748e-05
0.0005614438693068222
0.0002464875523786049
0.00017801878782899242
0.0019992879248486857
0.00012324377618930243
0.00016432503491906994
0.00036973132856790724
0.0
4.108125872976748e-05
2.7387505819844987e-05
6.846876454961247e-05
