0.0016261490520884567
0.0015887949451472711
0.002573411013704541
0.0007658401154372241
0.0010446714423802824
0.0017653300632667957
0.0009305598785020304
0.0009524139980678306
0.000412947259066318
0.0003697582513634597
0.00047957051476543077
0.000496068217338121
0.0005230835844305267
0.0005307862332877488
0.00032769988786912423
0.0004259259373977669
0.0007574992135630461
0.00047885189889747346
0.0005356677386337761
0.0003333520315966837
0.00041334972635713376
0.0005066856482271136
0.00034871318298409175
0.0004783582512931549
0.00037996660955390765
0.00041723107347130337
0.000352122477244313
0.00044545421564056196
0.00023661400487191747
0.00026897737848238996
0.0006427159551617812
0.00032897815245901157
0.0003386047243581898
0.0003187974276781926
0.00022439960551120264
0.00032920754858232375
0.00030529854191226974
0.00029307314842380247
0.0003255363008641009
0.00022737521151687006
0.0002825434804123274
0.00034998022738703537
0.00032701088951493456
0.00029574344509219547
0.00027270605568460374
0.0004924087033829616
0.00031722268493881593
0.000232773341233063
0.00022314308872051794
0.0002784300625174313
0.000222885706046507
0.00040831636487079724
0.00023001722805917216
0.00028558169819011285
0.00029712362304683385
0.00020882689330638842
0.00023835557219960762
0.0002194666016246399
0.00023213510013595927
0.00015430009516957633
0.0002459967594848484
0.00023611287242237503
0.00036769232267101044
0.00023818978448459505
0.0002571638086715822
0.00016940933608010925
0.0002873466359667493
0.00031562851165238537
0.00023541529584768028
0.00022350778725034945
0.00014310213813940604
0.00028455010314614
0.0002937437548572616
0.00012754381834544483
0.00022170997525299284
0.0002616043664966663
0.0002627943602905845
0.0002419354816851472
0.00017273372672495027
0.00011419714583108108
0.00039798724595405523
0.0002161485648960866
0.000335065987387289
0.00016266140536608633
0.00019316403088658076
0.00031609150139688593
0.0003579729390148599
0.000649111635596984
0.0001374738986329925
0.00018817602107091045
0.00012840613215034884
0.00024387064430633816
0.0001813233964103019
0.00023380156455570322
0.0002536140609271563
0.0001252358903517551
0.00010829303606730625
0.00018031955162194462
0.0003391609142992615
0.0003104674615195746
7.233399919059462e-05
3.959124184825088e-05
2.70484200516651e-05
0.00011238362896931269
5.580449567894449e-05
6.477024304561223e-05
4.4102120131142344e-05
2.411257027154687e-05
8.320343457582782e-05
0.00013845008883680136
7.02928326256061e-05
6.105913794252845e-05
0.00019034760368289835
0.00010905861369457974
0.00015624062772943197
2.2327831422921665e-05
9.973471232966321e-05
4.7414828071495214e-05
3.323477734744179e-05
6.411117501084902e-05
0.00013784919531909459
6.377759042924979e-05
5.277918571199071e-05
7.133333014640334e-05
1.3360867716110367e-05
3.6009444428788374e-05
0.00012438182901724362
9.737439514773175e-05
0.00011255053082094015
9.51787029062338e-05
0.00015510384658638617
3.266004027496923e-05
9.89146210060324e-05
5.541347374545e-06
4.906283057278831e-05
3.481044918586946e-05
2.1182364719192776e-05
2.6845675975671805e-05
1.8541886473352217e-05
8.441079142891008e-06
1.0899444768494251e-05
8.754833752233313e-05
0.00011530182584037228
2.8114830992843112e-05
5.599731910755175e-05
2.7220544357361755e-05
0.00013640610440177
5.7024574168138844e-05
2.4113497396349214e-05
3.1030558909638066e-05
0.00012008741152961524
2.55897836916809e-05
2.075559676374654e-05
3.950917147744303e-05
1.7694833253954612e-05
4.2580641218896755e-05
2.2711370702764963e-05
2.2874138123940608e-05
2.5131224961736482e-05
2.80472538705141e-05
5.31543050140103e-05
7.201672931505519e-05
3.11613096721946e-05
1.6752626252000217e-05
3.262149844503387e-05
1.7727470633135238e-05
3.544744612647477e-05
2.0909528764108473e-05
1.8020950216705555e-05
1.6802854666448364e-05
2.2082707739015583e-05
1.673452941108798e-05
2.672074588829276e-05
1.8275693618421936e-05
2.2574987416646377e-05
2.0124224103718688e-05
1.7297984133168733e-05
2.000355882952931e-05
1.558921732874312e-05
2.9280935478800957e-05
2.7988723996407026e-05
4.550556263844825e-05
1.7060409564412498e-05
1.7020769641938407e-05
4.8452945503315395e-05
1.5618137692198187e-05
2.3555445057527813e-05
3.25908760048279e-05
1.5760184304673162e-05
4.31581798058654e-05
2.8824813040941278e-05
1.83602700619423e-05
0.0002488753277891487
1.4726931165632124e-05
1.5147585616815026e-05
6.611748186151299e-05
1.3012877605513114e-05
1.3326832113043001e-05
1.190217064101737e-05
1.6663968802969508e-05
