765685.0
323097.0
3890.0
4338.0
2792.0
3326.0
7562.0
96861.0
392876.0
175771.0
11878.0
4031.0
32364.0
8432.0
106448.0
6883.0
2006.0
3071.0
7410.0
244988.0
4863.0
7160.0
10037.0
3272.0
6746.0
87519.0
4942.0
14121.0
125420.0
302385.0
45.0
2254.0
46871.0
11692.0
171561.0
6194.0
3651.0
29561.0
4555.0
4166.0
18792.0
265556.0
32627.0
16266.0
5797.0
708.0
4441.0
206040.0
354346.0
3489.0
9144.0
1143.0
7898.0
19445.0
5398.0
8214.0
5313.0
3462.0
4293.0
40253.0
15240.0
3671.0
3267.0
17104.0
28815.0
4144.0
10052.0
2065.0
70654.0
2946.0
155613.0
3927.0
17618.0
161200.0
6652.0
73158.0
6501.0
2167.0
40468.0
682837.0
291017.0
3647.0
222511.0
964.0
9076.0
4280.0
17336.0
59971.0
2034.0
2684.0
109917.0
6997.0
443414.0
11877.0
3370.0
155564.0
96872.0
168733.0
212.0
1284.0
755095.0
567995.0
565367.0
482270.0
426534.0
400403.0
398159.0
398020.0
289224.0
241010.0
234109.0
229078.0
223088.0
202140.0
192648.0
182650.0
182139.0
181509.0
180449.0
177925.0
175990.0
170475.0
164986.0
163202.0
161534.0
160332.0
159972.0
159539.0
159451.0
158742.0
158663.0
158044.0
155452.0
152515.0
150693.0
149665.0
149562.0
149438.0
148253.0
146456.0
145330.0
145148.0
139983.0
138118.0
137876.0
133303.0
133087.0
131163.0
130512.0
130257.0
130250.0
130199.0
129851.0
129667.0
129604.0
129512.0
129196.0
129139.0
128364.0
127670.0
127534.0
127280.0
127273.0
127092.0
126791.0
126714.0
125933.0
125613.0
125546.0
125517.0
125499.0
125480.0
125411.0
125400.0
125387.0
125346.0
125305.0
125290.0
125259.0
125249.0
125227.0
125011.0
124618.0
123989.0
123643.0
123138.0
122232.0
122117.0
120532.0
120143.0
119752.0
119543.0
119091.0
118870.0
118528.0
118447.0
117529.0
117528.0
117463.0
117453.0
