4.095771886375393
4.024174140703157
6.765899329745491
2.5505717796913157
1.528669782970318
2.3717011827067016
2.8767931935815603
4.557294602954294
2.0219178749762783
2.1919924948158194
1.0607512304465359
2.0506063547291093
0.8532583424570082
0.49168661138236874
0.37341970456748114
0.702804140117413
0.8445023895158303
0.9304172324919016
0.24764421011682822
0.524689041849144
0.6841869896623665
1.5162961931599857
0.2590364595474869
0.489605100554425
0.7753745762786362
0.30793770684858857
0.6890275798119839
0.3958057368263342
0.5128422361996536
0.3173204732483061
0.563459179180033
-0.025428023897378946
0.07337512643042843
1.1672268495281968
0.2887405752198166
0.24520855735476513
0.2758158691749386
-0.05890546256455719
0.20758951390451008
0.26261379982744093
0.34098143601341435
0.15886490769008754
0.3807497057704566
0.2582500883300147
0.20439835086116093
-0.055172302855761614
0.10578054134865408
0.3456411856167504
0.15505537166920358
0.228087618025597
0.07751736817517088
0.7189897509230698
0.29162065776534063
-0.0025095122183419155
0.20647176354964059
0.05289694976867174
-0.038427145473542056
0.09882197253707267
-0.06693923927914955
0.25086115119693636
0.4770902289112898
0.11703276639073684
-0.051964818451517764
-0.11237338707086053
-0.022551102833912314
-0.08086467758807125
0.14954652113750438
-0.04615546655109017
0.03521393661234208
0.16934418957009809
-0.27228274047690004
-0.02964147470173072
0.35888620095372525
-0.023889035519015826
0.037809093184767106
-0.21593662882377226
0.11763984236357407
-0.0635139807593453
-0.03474236507374723
-0.3074046024004243
0.10941598238827129
-0.3529129290905339
-0.07229328980512358
-0.08195682219157178
0.05098121553820578
0.4757769510490167
-0.02188788092090727
3.798703930695327
-0.21151853009548344
-0.3856389186126215
0.28308882454372186
-0.09470317386351147
-0.07904339957397821
-0.03199564959519866
-0.24714309282729083
-0.004248897706254053
-0.15643080353681985
0.18892875652212032
-0.3338541802245592
0.32340219482478794
-0.6865099377052156
-0.5179498956823159
-0.6166397922790017
-0.6534458644424138
-0.397041211887723
-0.19212983073256223
-0.5677938151504761
-0.5625057242626554
-0.540758010211136
-0.662369098290471
-0.4627068163675722
-0.29194443420698823
-0.5235663799268129
-0.5523898665114978
-0.13792096242195964
-0.38631302326173367
-0.26999926158061033
-0.6675125600237926
-0.43417306309371717
-0.5924737742392254
-0.6349588940577925
-0.5388705916758847
-0.3196815193162852
-0.516657875964556
-0.19098996749410305
-0.43170868603672785
-0.5763757140344303
-0.5195963388534793
-0.6947994936649586
-0.6268911522699859
-0.36300749642399704
-0.4438875439911334
-0.3988863225168818
-0.27033058820315037
-0.6353368164779358
-0.35958041312171646
-0.43862083499796295
-0.6614768901557458
-0.718001489642647
-0.5875584597168715
-0.6303735308272088
-0.6708476043638877
-0.6583492098567174
-0.6792152331908837
-0.7090823737193656
-0.37042337217309385
-0.4658187327131546
-0.7018839983025584
-0.6504096679639121
-0.5667371485514174
-0.652879756966626
-0.3238576782978412
-0.5980763509806403
-0.5636570023359739
-0.6623246732789428
-0.37242786395824
-0.6415729043492244
-0.6580122044146194
-0.6724354902101841
-0.6267959317805089
-0.616246870961669
-0.6818052806023841
-0.6664769491069165
-0.6658134723456849
-0.659231054374554
-0.6504162427439456
-0.5753610959486645
-0.5202068249900627
-0.6405518058299484
-0.6843846017414689
-0.6815349340125898
-0.6281740607443358
-0.642859439432889
-0.6719629207162415
-0.6806626796155247
-0.6842822003046993
-0.6686795690861503
-0.6845095319146207
-0.6547402743888353
-0.6803766371532949
-0.6673967722916235
-0.6743854521734227
-0.6829631242249775
-0.6752461950409173
-0.6469115089648015
-0.6880223302053722
-0.6509676106456834
0.054425639702245954
-0.5986193551101527
-0.6834948123964658
-0.6837278957536052
-0.5892348798447443
-0.6876281096833197
-0.6352988806941907
-0.6645354816172822
-0.6875828264587719
-0.604910482539744
-0.6790056811799442
-0.6904740445299345
-0.6887505794992221
