11.286804201333478
3.3779325635482085
0.6630140511091596
0.12814355280904274
-0.0010667361061541464
-0.01308629786570738
0.7982341209041351
0.3520078905807187
-0.04914498314436708
0.5022524125751332
-0.136286805901128
0.3970812471790427
-0.19788705991883823
0.7937267852443028
0.19425114248658462
-0.1618283746401786
-0.15732103898034616
-0.13478436068118385
-0.12877457980140722
-0.15732103898034616
-0.14530147722079292
-0.1813601624994526
0.1927486972666405
-0.1813601624994526
-0.21741884777811218
-0.21291151211827974
-0.17985771727950844
-0.24446286173710685
-0.046140092704478726
-0.19488216947894996
-0.12727213458146308
-0.10473545628230076
0.38956902107932206
-0.21892129299805635
-0.11224768238202153
-0.25347753305677173
-0.21291151211827974
0.048513956152002956
-0.20840417645844728
-0.20990662167839141
-0.18736994337922916
-0.24897019739693932
-0.1813601624994526
-0.245965306957051
-0.24446286173710685
-0.25047264261688346
-0.13177947024129552
0.9034052863002274
-0.22943840953766537
-0.14229658678090462
-0.23244329997755367
-0.1963846146988941
-0.22943840953766537
0.15368512154809305
-0.2069017312385031
-0.21140906689833555
0.7426436477662008
-0.2234286286578888
-0.24296041651716274
-0.2369506356373861
-0.21892129299805635
-0.1813601624994526
-0.25347753305677173
-0.23094085475760953
-0.25047264261688346
-0.22643351909777706
-0.19788705991883823
-0.21741884777811218
-0.17685282683962014
-0.21892129299805635
-0.245965306957051
-0.2519750878368276
-0.18136016249945258
-0.23244329997755367
-0.14830636766068123
-0.25948731393654834
-0.1392916963410163
-0.24446286173710685
-0.14530147722079292
-0.18736994337922916
-0.245965306957051
-0.07468655188341768
-0.21291151211827974
-0.18586749815928505
-0.19187727903906165
0.5157744195546304
-0.2519750878368276
0.6855507294083222
-0.24446286173710685
6.2145491388025
0.12363621714921037
-0.245965306957051
-0.2519750878368276
-0.2204237382180005
-0.25798486871660425
-0.23094085475760953
-0.25347753305677173
-0.23244329997755367
-0.21291151211827974
-0.16783815551995523
2.111371243135344
0.5307988717540721
-0.044637647484534596
-0.12426724414157476
0.35651522624055104
0.266368513043903
-0.10774034672218907
-0.041632757044646286
2.0512734343375767
-0.14530147722079292
-0.011583852645763205
0.031987058732617285
0.3129443148621712
-0.15431614854045783
0.0950897579702716
-0.10924279194213322
0.10861176494976904
-0.2339457451974978
-0.07318410666347354
-0.2144139573382239
-0.21892129299805635
-0.09722323018257999
-0.029613195285093055
-0.17835527205956428
0.07856286055088596
-0.0806963327631943
-0.21291151211827974
-0.10173056584241245
-0.24746775217699518
-0.22793596431772123
-0.19788705991883823
-0.20840417645844728
-0.20539928601855897
-0.10774034672218907
-0.20990662167839141
-0.16483326508006693
-0.2069017312385031
-0.24296041651716274
-0.24746775217699518
-0.2384530808573303
-0.2399555260772744
-0.245965306957051
-0.22493107387783293
-0.24746775217699518
-0.2609897591564925
0.03499194917250555
-0.21741884777811218
-0.24746775217699518
-0.25948731393654834
-0.24446286173710685
-0.245965306957051
-0.10173056584241245
-0.21591640255816805
-0.23544819041744197
-0.2519750878368276
-0.1392916963410163
-0.25347753305677173
-0.2519750878368276
-0.2549799782767159
-0.24296041651716274
-0.25047264261688346
-0.26249220437643667
-0.25798486871660425
-0.25347753305677173
-0.25347753305677173
-0.2639946495963808
-0.15131125810056953
-0.2399555260772744
-0.24296041651716274
-0.2609897591564925
-0.2549799782767159
-0.24145797129721855
-0.2384530808573303
-0.25648242349666006
-0.25798486871660425
-0.2609897591564925
-0.25047264261688346
-0.2609897591564925
-0.26249220437643667
-0.25648242349666006
-0.2549799782767159
-0.25948731393654834
-0.25948731393654834
-0.25948731393654834
-0.25948731393654834
-0.25347753305677173
-0.25798486871660425
-0.06266699012386444
-0.25648242349666006
-0.265497094816325
-0.2609897591564925
-0.24145797129721855
-0.25948731393654834
-0.24446286173710685
-0.24746775217699518
-0.2609897591564925
-0.21741884777811218
-0.25648242349666006
-0.25347753305677173
-0.24446286173710685
