4.375123950909582
1.3542325907462265
-0.8260948473940186
-0.7549590758904793
-0.8229821027624464
-0.833125827592526
-0.44180058308783343
-0.8292622015805307
-0.8010563664540913
-0.4995774922142088
-0.6313162173122614
-0.19102668060961395
-0.8244633869401902
1.830216297796442
0.3476214907340947
-0.7697992224453871
-0.7951039249656462
-0.8020325122486414
-0.12573413148463994
-0.8056503952634073
-0.8311803621977933
-0.8391670096077484
0.8200214457413817
-0.8194666126631928
-0.8036639727024698
-0.7839362709804442
-0.8304294808173702
-0.8066333672523248
-0.25490620750051896
-0.8187157312827696
-0.7560990503498489
0.003977213886270236
1.2121248764039674
-0.8526146125116897
-0.5215851428549737
-0.8372625013792206
-0.6507230878990152
0.31864429564412977
-0.8269686002730564
-0.807370596244013
-0.7317773198185072
-0.7473956525313082
-0.8297605137693569
-0.8156166390399323
-0.8214871661959676
-0.824360994024678
-0.7241797654874988
0.9907718716495992
-0.741497820597803
-0.6204625682679635
-0.8131728614563735
-0.8477953192882468
-0.8396311908247373
0.5704011701112668
-0.8223950500468429
-0.7304189071393782
1.5698857232037464
-0.8288731085015841
-0.7901549340492211
-0.8386891760020245
-0.8450443629581511
-0.7200294393120692
-0.7987968961184545
-0.7956704990981472
-0.8164494347527652
-0.8289481966396265
-0.7361051270474914
-0.8231391052328985
-0.6908269798079774
-0.7621607109481737
-0.5779968131078524
-0.8276512197098047
-0.8304704379835751
-0.7324872440327255
-0.6556857312041754
-0.823739810337237
-0.7842093187551435
-0.8324773391276151
-0.3701528470067329
0.2104900720857306
-0.8258764091742592
0.24860071523938765
-0.8072682033285008
-0.5540710018498248
-0.3490667326055782
1.1734817900896466
-0.8372898061566906
-0.7377161089182174
-0.5758875190483002
3.8095123118143155
0.6999213820398875
-0.8277809174027869
-0.8204222798746403
-0.8263678951687179
-0.8462935565274006
-0.7759018402099168
-0.790421155629553
-0.8234053268132303
-0.0075249236229384606
-0.7341596616527588
6.013123898942045
4.302861857335408
3.0256604125962534
3.0077075214097735
2.4404712480550463
2.1757104733178543
2.0599860002059165
1.9006694498632333
1.8806209170059358
1.865316589234039
1.1431871394867577
0.7952833173536237
0.7455067080259383
0.7121061389858444
0.7033003482517916
0.5314509050504094
0.4630933946544355
0.3945788817880096
0.39092686780140623
0.3868925869302238
0.3799708258415962
0.36293947089472633
0.3490481653568986
0.3216341687770873
0.2994490370827678
0.27510000177395627
0.27476551824994966
0.26170018223058733
0.2505257020510178
0.24240935694808066
0.2405526320801253
0.2371122301189139
0.2367709204005398
0.23410870459722144
0.22692754812262944
0.21045594111389318
0.2092477047108487
0.19397750791078944
0.18881690496897235
0.17629766449900872
0.16937590341038106
0.16869328397363276
0.16834514806089113
0.15968953360292282
0.147436514713291
0.1424806976024984
0.14086288953740495
0.13965465313436048
0.09049240129974859
0.08875854793040792
0.05788367080628275
0.0559040744397127
0.046941281235207646
0.04296843611333259
0.03864745507871591
0.03715934470660464
0.036906775515007775
0.036579118185368596
0.034094383435604815
0.033862292827110396
0.03281105889451803
0.03237418245499912
0.02965735709674093
0.029322873572734266
0.023957484799892702
0.01941806554551657
0.018421441167864067
0.01653741152243878
0.016284842330841917
0.015254086981351996
0.012653306927341009
0.007390311070011689
0.006584820134648706
0.005130840734374848
0.00466665951738601
0.004461873686361523
0.004359480770849279
0.004263914049704518
0.0037519494721433007
0.0036836875284684714
0.0035744684185887447
0.003287768255154463
0.0030420252579250783
0.002919153759310386
0.0026529321789785527
0.0026119750127736553
0.0025164082916288946
0.0014788267477714929
0.0010487765026200697
-0.0016407440781681952
-0.005982203695887324
-0.0079481476737224
-0.01182542607445269
-0.014433032322831161
-0.01826252736298907
-0.029621314790480628
-0.03239957589804617
-0.03595602316350476
-0.04095279744050225
-0.04325322494234399
