2.9859757683180597
3.3123980186776505
1.4653504308016392
1.9775468934942728
2.300839700244742
1.1634420851283265
2.1864656820853496
1.7215729156119346
0.7237415085720531
1.9544218870881325
2.0022707161633573
1.843319773716938
1.8071042433395423
1.4839650202011243
0.8005909727643485
1.7216217237891536
1.3640376609163085
0.4353740306105574
1.5641510647515513
0.8389215081623929
1.289410473929541
1.4430110298875747
1.42029531308629
1.3143238218298736
1.4589476282841274
1.6058083246470016
0.8458228648089572
1.0944951355594545
0.3903673139364074
0.7253201327075007
1.06189499309786
1.202346043085767
1.3239766214760758
1.287072938272282
1.0187188659024324
1.2156723935798914
0.799732460945168
1.1942918627351353
1.1483977032091675
0.6190427714300479
1.1351131573681728
-0.40235365981592336
0.974201634692891
1.1010204660259524
0.7505685880466184
1.036280903621416
0.9833430224512405
-0.019400595078178415
0.29713677309166464
1.0429441341215067
0.7836706670459602
0.4472837757373236
0.8616291599638694
1.0148870417345406
0.24169417482040662
0.5274224875963417
0.7909089224421182
0.3198260745147866
0.22970478601570177
0.2107403203289747
1.007770134040779
0.713486731863841
0.2813255386369977
0.8490038276441615
0.9449832875499181
0.5967502785281832
0.2693917367624688
0.8309035444452035
0.5747374275428638
0.3724420564950512
-0.22924582575027602
1.013758045513795
0.8810358610029949
-0.24902754933053853
0.252629046172081
0.7704757093053551
0.8767984969167413
0.6436766186932372
0.8782769843737961
0.09094209400331106
-0.6643199566300934
0.5624753344506422
-0.8503622881726327
0.27429671318380383
0.6675325383573785
0.11125446560526224
0.5253237640442318
-0.7427364047165937
0.35086614081133505
0.05953301075983533
0.0030439288185739326
0.8613122246544777
-0.4456755222028811
0.8410026069982218
0.705348883355846
-0.30604012156373445
0.3695239060549861
0.5360840604761316
0.2521192323071714
0.1299160955990527
-0.8060372895394592
-0.9828484012293314
-1.0617304819647244
-0.31934079405289384
-0.9186815470230503
-0.7710002071376646
-0.7787835576100944
-0.9882212519872837
-0.45745170491246856
-0.5431434670736689
-0.37622440409839714
-0.7897372894564267
-0.6813690368866416
-0.4279714874883035
-0.7165734954868322
-0.9237213642186279
-0.06348366882117595
-0.9429570884329542
-0.8058980528103908
-0.34428574117063576
0.5403031927070518
-0.47399546455541636
-0.6047271410583679
-0.35895912603820074
-1.1293664716685219
-0.9791752899777895
-0.3829748447719947
-0.48875029695092453
-0.4066948669434217
-1.077636035407827
-1.1023547178968298
-0.6916498874688634
-0.46965144717962354
-1.2204814166912683
-0.6943389683229908
-1.0007956460123566
-1.072240221237291
-1.1153183328234408
-0.9550974552418415
-1.0677135430073807
-1.0554597330379065
-0.5047424397679564
-0.7691612890382475
-1.0379311976469652
-0.6127842474058437
-0.9498658885067385
0.37702232516406714
-0.48144636848990574
-0.9794679159772014
-0.9412157668374691
-0.1935862654837429
-0.9639716155538821
-1.0686346391914643
-0.9866599633600097
-1.0958954787176927
-0.8732061019802121
-0.9998282135394858
-0.9805714168744266
-1.002291996143149
-0.954107460966706
-0.9129085452053651
-0.9201048439539699
-0.6226215555239358
-1.0950184468975404
-0.821128827470638
-1.0927162350863155
-0.9158375578446523
-1.0442600745336115
-1.0687451843732008
-1.092439775784267
-1.039306476171878
-1.1053552180294284
-1.041918707483761
-1.0900898068713951
-1.0671070289187352
-1.0767122169238048
-1.0895283386723187
-1.0777466043009247
-0.9638107304179021
-1.0309026006518363
-1.0463535145537564
-0.9751433887823132
-1.0928414433304547
-1.0637059915616935
-0.8451849631041557
-0.9357216059339402
-0.9091388500878901
-0.656527390463251
-0.9901244685336074
-0.6154415129686626
-1.0878078201921035
-1.0912508195287878
-0.07368888681481364
-0.9678080693332118
-0.9779994710995225
-0.508854697451152
-1.1329511856428915
-1.1294882881179886
-1.1403552459759236
-1.1157644142794958
