4.890145176002457
1.5319820590113904
-0.8900202864777937
-0.8866210594847167
-0.8983514276349335
-0.8942996704601497
-0.8621587652309656
-0.1845972222515238
2.0614344258639026
0.4141371572656908
-0.8294108551815891
-0.8889504404822047
-0.6739720958508368
-0.8555575878113739
-0.11185528211172484
-0.867310718642348
-0.9043152499933232
-0.8962344983245127
-0.863312074389331
0.9393253152563515
-0.8826375903522045
-0.865208964452432
-0.8433795536062652
-0.8947093987137795
-0.8683502143969274
-0.25548021012948374
-0.8820381730922645
-0.8123919575354465
0.032095910996887446
1.374828511063595
-0.9191944556482878
-0.902433535050727
-0.5638993592692092
-0.8308221413885363
0.38219352860306915
-0.8725385476562545
-0.8918337133781183
-0.6952400272383258
-0.8849745589099449
-0.8879261198481302
-0.7769504635964665
1.095386254527801
-0.6719765675044546
-0.7961166407940394
-0.8755508090764589
-0.9141639032009439
-0.885839540778719
0.6438050185457133
1.769085729338769
-0.8930628981390079
-0.8501552449116621
-0.910863314491148
-0.8596093449861577
-0.7719957867516466
-0.8785782456171682
-0.857211675946398
-0.8792231882386226
-0.8932677622658227
-0.8869624996960749
-0.6141138330196202
-0.8039014776130061
-0.8916819621730703
-0.8947473365150416
-0.7897582653025248
-0.7009003471866193
-0.888093046173683
-0.8432657402024791
-0.9038675839384314
-0.3834444137862804
-0.8971829433560633
0.2611871176977271
-0.8897395467484548
-0.785858259332789
0.3035788168279093
-0.8690634450606534
-0.3644451629142603
-0.8702091666587664
-0.9030936527926862
-0.6124825075653533
4.261530984211274
1.2885731261142641
-0.891864063619128
0.7687797234630627
-0.9122214877763284
-0.8506711990088256
-0.887061137979356
-0.787997951323967
-0.46450231996271435
-0.904102798306256
-0.8991708841421931
-0.0855340355961347
-0.866445736773574
2.4448945458999054
-0.8294184427418415
-0.8939658178090439
0.26081532724535933
-0.18451375908874737
0.3607359082092701
-0.9179273330861364
-0.9097934684955591
4.809792912929496
3.3901603897046715
3.3702202813613535
2.7397167870673225
2.3168165288393228
2.1185459918837486
2.1015195066773535
2.1004648358022697
1.2749686305817034
0.9091420005722878
0.8567802472704464
0.8186072316406009
0.7731577457286999
0.6142135335613369
0.5421924116455163
0.4663319842419792
0.46245474095300065
0.45767457799398603
0.44963176412643757
0.4304807620493694
0.4157988329609673
0.3739534381689582
0.3323053199435116
0.31876911245322254
0.30611306195221233
0.29699281452882254
0.294261292837957
0.29097587924866597
0.2903081739464544
0.28492859372749985
0.2843291764675599
0.27963247667132174
0.25996552049709004
0.23768085603577896
0.22385632125589852
0.21605630931642703
0.2152747906104294
0.21433393313913127
0.2053426742400323
0.19170782846646198
0.18316423562225487
0.1817832996563173
0.14259355095264967
0.12844275108191586
0.12660656150083402
0.09190864846658967
0.09026973545207037
0.0756712695264447
0.07073176780212957
0.0687969399377665
0.06874382701599968
0.06835686144312707
0.0657163904752904
0.06432027938884803
0.06384226309294658
0.06314420754972538
0.06074653850996566
0.06031404757557862
0.05443368837996538
0.04916792156479687
0.0481360133704699
0.04620877306635924
0.04615566014459241
0.044782311738907246
0.04249845610293359
0.04191421396349847
0.03598832940637079
0.03356031012560145
0.033051943588690375
0.03283190434137065
0.032695328256827375
0.0325511646120317
0.03202762295461581
0.03194415979183936
0.03184552150855811
0.031534431538209534
0.03122334156786096
0.0311095281640749
0.030874313796250368
0.030798438193726328
0.030631511868173436
0.02899259885365413
0.026010687674459285
0.02123811227569705
0.018612816428365198
0.014781098500901082
0.007906768912222887
0.007034199483196405
-0.004992083516864236
-0.007943644455049465
-0.010910380513739503
-0.012496180606491979
-0.01592575784057867
-0.01760260865636
-0.020197554262682233
-0.020812146643126972
-0.027777526954834018
-0.02778511451508642
-0.028278305931492692
-0.028354181534016736
