4.546508748693631
4.425561883420906
7.613597597315993
1.7609604496027669
2.6637734919998337
4.997155501780586
2.2942977616825924
2.365058046728105
0.6183475416726936
0.4785081632577621
0.8340634184773001
0.8874804473868748
0.9749520597898425
0.9998920546087356
0.3423296372619475
0.6603705101790306
1.7339538894722406
0.8317366505879882
1.0156976197195182
0.36063041117672906
0.619650668990812
0.9218580590721266
0.4103674617830259
0.8301382954088449
0.5115612603284488
0.6322178752483002
0.4214062333487681
0.72360007798421
0.04740752772106062
0.15219516443259265
1.3623033153792625
0.34646846181956364
0.377637824170036
0.31350483748815783
0.007859177222582765
0.3472112112597794
0.269797517148962
0.23021356935216944
0.3353242746009049
0.017493732781328118
0.19612012039472057
0.4144699570973609
0.3400987663366028
0.23885958013483502
0.16426804894651478
0.8756315028519349
0.30840606218512423
0.03497204831265794
0.003790768700993967
0.18280150456680808
0.0029574031049123943
0.6033534170041596
0.026048176856065273
0.2059574032621062
0.24332838452613964
-0.04256287484071847
0.05304645543728658
-0.008113132258603172
0.032905521595677084
-0.219112278588738
0.07778744711905267
0.04578493776183521
0.47181900322451226
0.052509660260706144
0.11394463849852665
-0.17019087544405434
0.21167200090518987
0.30324437375287566
0.04352629187505613
0.004971606567688057
-0.2553695448216108
0.202617256836016
0.23238489006092872
-0.30574499646747655
-0.0008494327566448551
0.1283224832118755
0.13217550047969592
0.06463765291706666
-0.1594270087541462
-0.3489594736593839
0.5699093152357477
-0.01885642594275275
0.3661799369736151
-0.19203963944271274
-0.09327681946416809
0.3047434634872101
0.44034913064944997
1.383011547037479
-0.27359292053707424
-0.1094272297016497
-0.3029529567126847
0.07090341248118935
-0.1316149766312211
0.03830127762255544
0.10245110010733391
-0.3132177130967737
-0.3680760749283952
-0.13486527198865902
0.3794386818367648
0.2865336855262324
-0.48450591744376664
-0.5905219404523542
-0.6311336723928342
-0.35483136292434386
-0.5380259129129751
-0.5089961989772888
-0.5759164088892104
-0.6406395033949246
-0.44931235387662605
-0.2704321664800565
-0.49111490150871995
-0.5210121877311441
-0.10239597849239897
-0.3655972520699756
-0.21282913198738204
-0.6464182138700951
-0.39578661368352736
-0.5651903690034065
-0.611103196933755
-0.5111301601219516
-0.2723777674669511
-0.5122102557995505
-0.5478214022699421
-0.4877459302289993
-0.6754518661284858
-0.6021192507724219
-0.3159830326190004
-0.40342895846380655
-0.35429096034439894
-0.410538272953133
-0.21650985485860516
-0.6129641073653984
-0.39844194352414375
-0.7007702728765771
-0.5598543898349888
-0.6060014133505898
-0.6501270592537748
-0.6317901265943123
-0.6586765225606628
-0.6913813864533148
-0.6834215758606246
-0.43524422497927473
-0.34538268933246685
-0.6276807974350392
-0.5374015802451401
-0.6305763603081408
-0.2770502743757298
-0.5340754860191644
-0.640636501507107
-0.618240117938143
-0.3298876973488738
-0.6358565130590742
-0.6515088683943692
-0.5907876717171013
-0.6614191508817364
-0.5808427240947752
-0.645176372546488
-0.6446493566178053
-0.6373412558483355
-0.6278996017855948
-0.5466068235422537
-0.485533188607079
-0.6178167670362427
-0.6644698725467952
-0.6130888998954379
-0.6613134760570424
-0.6039389150214012
-0.6510104602022458
-0.6603632342078593
-0.6643072406497273
-0.6472118867376923
-0.664528467340217
-0.6321946310433287
-0.6595384141703995
-0.6456179606952185
-0.6535531561662467
-0.6627040874275589
-0.6539438518047064
-0.6682368120835859
-0.6239051300799308
-0.6280891125349537
-0.5713722774469462
-0.6634733174189178
-0.6636016654040655
-0.5618291040865042
-0.6681431723853342
-0.6424433893319139
-0.6131880506569792
-0.667683247255053
-0.578972742789162
-0.6253819845293369
-0.6592645686268342
0.08710780949384368
-0.6710287623384944
-0.6696667477864213
-0.5046340464618106
-0.6765786046980603
-0.6755620681875297
-0.6801749033809296
-0.6647569317598617
