11.548736795751237
3.2785213830399433
0.7021264318647015
-0.027088669645231423
0.003862735342457107
0.3232812348153996
-0.01966033244818617
0.47803825975383996
0.8185037146184085
0.22052257025627525
-0.13727567140140265
-0.16079873919204596
-0.12860927800484986
-0.11003843501223673
-0.08899147962060852
-0.16946513258859874
-0.12737122180534233
-0.14965623339647807
-0.07784897382504065
0.2279509074533204
-0.15213234579549317
-0.17194124498761382
-0.1595606829925384
-0.16575096399007613
-0.20660681857382499
0.034814140330145675
-0.176893469785644
-0.06299229943095012
-0.06051618703193508
0.3468043026060425
-0.19422625657874956
-0.22022543676840795
-0.08032508622405572
-0.17565541358613646
0.0471947023252211
-0.20536876237431742
-0.2016545937757948
-0.18803597558121188
-0.17565541358613646
-0.2288918301649607
-0.14594206479795546
1.250585328246534
-0.10508621021420657
-0.21898738056890038
-0.21651126816988528
-0.17813152598515156
-0.1867979193817043
0.11900196189665825
0.7925045344287506
-0.19917848137677974
-0.2140351557708702
-0.20041653757628727
-0.21527321197037777
-0.15832262679303089
-0.22022543676840795
-0.2041307061748099
-0.20660681857382499
-0.20289264997530235
-0.19917848137677974
-0.2103209871723476
-0.22022543676840795
-0.22146349296791545
-0.1620367953915535
-0.1954643127782571
-0.1360376152018951
-0.2350821111624984
-0.11127649121174428
-0.2103209871723476
-0.09889592921666886
-0.2103209871723476
-0.1508942895959856
-0.21651126816988528
-0.18060763838416657
-0.10384815401469903
-0.18432180698268924
-0.15832262679303089
-0.18803597558121188
-0.2140351557708702
-0.20660681857382499
6.247380149459358
0.3653751455986554
-0.22393960536693053
0.08928861310847752
-0.2326059987634833
-0.23012988636446824
-0.20660681857382499
-0.13727567140140265
0.1846189404705571
-0.23136794256397578
-0.2288918301649607
-0.18555986318219675
-0.19670236897776466
0.2737589868350987
-0.2041307061748099
-0.20660681857382499
-0.1447040085984479
-0.18060763838416663
0.0471947023252211
-0.2140351557708702
-0.19794042517727217
0.7095547690617466
-0.007279770453110751
-0.05184979363538226
0.3393759654089974
-0.04194534403932192
2.1456999604904725
-0.1236570532068197
-0.13108539040386494
-0.11003843501223673
0.07938416351241719
0.3938504381873284
-0.10384815401469903
0.016243297337532565
-0.06794452422898031
0.1103355685001056
-0.20289264997530235
-0.034517006842276675
-0.1867979193817043
-0.22270154916742296
-0.045659512637844575
-0.01347005145064844
-0.176893469785644
-0.17317930118712138
-0.09889592921666886
-0.22393960536693053
-0.20041653757628727
-0.1682270763890912
-0.17936958218465907
-0.176893469785644
-0.09146759201962361
-0.04937368123636718
-0.17070318878810628
-0.1867979193817043
-0.2288918301649607
-0.20536876237431742
-0.21527321197037777
-0.22270154916742296
-0.19422625657874956
-0.22517766156643806
-0.21279709957136267
-0.2326059987634833
-0.18432180698268924
0.07566999491389458
-0.23012988636446824
-0.20536876237431742
-0.23384405496299088
-0.0852773110220859
-0.20536876237431742
-0.2350821111624984
-0.2288918301649607
-0.11251454741125182
-0.22393960536693053
-0.23632016736200595
-0.2288918301649607
-0.22641571776594563
-0.18432180698268924
-0.23136794256397578
-0.2326059987634833
-0.22517766156643806
-0.23012988636446824
-0.1830837507831817
-0.2103209871723476
-0.21279709957136267
-0.23136794256397578
-0.21527321197037777
-0.22765377396545314
-0.22517766156643806
-0.2288918301649607
-0.22393960536693053
-0.2375582235615135
-0.23136794256397578
-0.23136794256397578
-0.23012988636446824
-0.2326059987634833
-0.2350821111624984
-0.2326059987634833
-0.23384405496299088
-0.2288918301649607
-0.22270154916742296
-0.22517766156643806
-0.23384405496299088
-0.22146349296791545
-0.22765377396545314
-0.23632016736200595
-0.2140351557708702
-0.21774932436939284
-0.22641571776594563
-0.2103209871723476
-0.23632016736200595
-0.18927403178071942
-0.21774932436939284
-0.22393960536693053
-0.059278130832427514
-0.2288918301649607
-0.22517766156643806
-0.20660681857382499
-0.24003433596052856
-0.23632016736200595
-0.2375582235615135
-0.23384405496299088
