5.0751623592107515
4.478854678401551
3.314135779157315
2.826585479492724
2.7425633313876325
2.4274386808707167
2.320012343656485
2.012430275411709
1.6935343337587232
1.6911495467167965
1.6730140731654006
1.6203823777517166
1.6163892459605835
1.548506005511322
1.3045367451058463
1.2479119179010292
1.2201818360181609
1.2183516506138914
1.2044866096724574
1.1994397347697752
1.151078471966053
1.1473071808299828
1.1326656975958282
1.1214072843513838
1.0991122985175577
1.048920850309566
0.9811485301878358
0.9724967446403808
0.8782144662386284
0.8424981207734941
0.7854850724223168
0.7491586651557592
0.7328533770086326
0.7021284462824146
0.6983016949825787
0.6687968878592068
0.5986952408593156
0.5695231947185382
0.5684694516069891
0.5625352140840553
0.5603168075334258
0.5288154345144874
0.5264306474725607
0.5238794799393368
0.5158377561933051
0.49969884853747565
0.48089785302089094
0.44856457754546647
0.4222764599205073
0.39482367885646763
0.36415420829401524
0.3536167771785253
0.34890266325843766
0.34873628276714047
0.33725602886763295
0.33392841904168874
0.332819215766374
0.33087811003457324
0.3290479246303039
0.3090822656746387
0.30292618749664196
0.2983229939040858
0.2636603915505004
0.25933449877677295
0.25622872960589166
0.25334480109007335
0.2530675002712447
0.24757694405843675
0.23271362016921932
0.2267793826462855
0.22395091429423294
0.22200980856243216
0.21624195153079553
0.2161864913670298
0.21030771400786172
0.20553813992400835
0.19660905355772476
0.19206132012893434
0.1743140677238986
0.1703763960965313
0.16760338790824447
0.15950620399844692
0.14691674682362468
0.146639446004796
0.1440328183078064
0.14231355323106856
0.13610201488930604
0.13538103276035146
0.12867035294469734
0.1215159918189173
0.11890936412192768
0.11558175429598347
0.11197684365121059
0.10737365005865444
0.10665266792969987
0.1015503328632521
0.09916554582132542
0.09472873272006649
0.09434051157370633
0.08929363667102429
-0.5644707737994796
-0.8018402747168326
-0.9580715560449128
0.020966714911636708
-0.6959668220880413
-0.903276914244365
-0.6551481415564591
-0.9415444272427232
-0.2157372640405274
-0.21551542338546448
-0.4338620881311697
-0.7136586143293112
-0.35466497427369775
-0.0811354465810845
-0.40030868905289907
-0.9486987883685033
-0.10398503405256801
-0.7154333395698148
-0.7551428168260823
-0.37202400553237336
-0.011532941055084981
-0.406852988377256
-0.6005753404109742
-0.5811088229292006
-1.0880147197480339
-0.8221386946550922
-0.036434554585900746
-0.24723863705946583
-0.08573864017364065
-0.8499242367017262
-0.5601448810257521
-0.8008419917690494
-0.22544279269953132
-1.2055902669313956
-0.6377891102977835
-0.8103256797729903
-0.9800337808961445
-1.1448059274441482
-0.9839714525235118
-1.1461369713745257
-1.1033217249473772
-0.2665387740499422
-0.5429522302583738
-0.8810373885743046
-0.5509384938406399
-0.8388876641123447
-0.03144313984698445
-0.47207414096576233
-0.8902437757594168
-0.7983462843995912
-0.4218272325940049
-0.8568567571724434
-0.9589589186651646
-0.7715035651369746
-1.0165265686539993
-0.6971314855271218
-0.9111522574990996
-0.8905210765782455
-0.890631996905777
-0.8282393126693233
-0.8764341949817483
-0.5776148326119592
-0.8574668189738665
-1.0141417816120726
-0.8170918197524102
-1.0038261911516455
-0.7370073432746864
-0.9537456632711854
-1.00077588214453
-1.0148627637410272
-0.9434300728107583
-1.0286723445186956
-0.8912420587072001
-1.0028279082038623
-0.9474786647656571
-0.9718256766588155
-1.006654659503698
-0.9724357384602386
-1.0323327153272341
-0.8658413037024927
-0.8918521205086232
-0.7333469724661478
-1.0139199409570097
-1.002439687057502
-0.6067868787527367
-0.9960617682244424
-1.0242909915812024
-0.8400523275514251
-1.016138347507639
-0.7909146224549825
-1.0615602216317774
-1.012367056371569
0.01858192786971003
-1.0137535604657124
-1.0054345359008519
-0.4441776785915968
-1.0668289371895223
-1.0582326118058332
-1.0834115261554778
-1.0136426401381808
