0.12201313743533608
0.038492050899628406
0.00982134357249389
0.004172881033224388
0.002808364801827822
0.002681433059372327
0.011249325675118228
0.006536984736457949
0.002300637832005842
0.008123631517151626
0.0013803826992035042
0.007012978770666049
0.0007298575191190935
0.011201726271697417
0.004871005616729601
0.0011106527464855775
0.001158252149906388
0.001396249167010441
0.0014597150382381885
0.001158252149906388
0.001285183892361883
0.0009043886649953985
0.004855139148922665
0.0009043886649953985
0.0005235934376289149
0.0005711928410497254
0.0009202551328023353
0.00023799701710405227
0.0023323707676197163
0.0007615904547329671
0.0014755815060451254
0.0017135785231491784
0.006933646431631366
0.0005077269698219782
0.001634246184114494
0.0001427982102624314
0.0005711928410497254
0.0033319582394567386
0.0006187922444705358
0.000602925776663599
0.0008409227937676512
0.00019039761368324184
0.0009043886649953985
0.00022213054929711546
0.00023799701710405227
0.00017453114587630503
0.0014279821026243148
0.012359978421603824
0.00039666169517342043
0.0013169168279757568
0.0003649287595595468
0.0007457239869260303
0.00039666169517342043
0.004442610985942312
0.0006346587122774726
0.0005870593088566623
0.010662266366261556
0.0004601275664011677
0.00025386348491098913
0.0003173293561387364
0.0005077269698219782
0.0009043886649953986
0.0001427982102624314
0.0003807952273664836
0.00017453114587630503
0.00042839463078729405
0.0007298575191190935
0.0005235934376289149
0.0009519880684162089
0.0005077269698219782
0.0002221305492971155
0.00015866467806936822
0.0009043886649953987
0.0003649287595595468
0.0012534509567480093
7.933233903468411e-05
0.0013486497635896305
0.00023799701710405232
0.001285183892361883
0.0008409227937676512
0.0002221305492971155
0.0020309078792879157
0.0005711928410497254
0.0008567892615745881
0.0007933233903468408
0.008266429727414057
0.00015866467806936822
0.010059340589597947
0.00023799701710405227
0.06844794211912235
0.004125281629803579
0.0002221305492971155
0.00015866467806936822
0.0004918605020150413
9.519880684162092e-05
0.0003807952273664836
0.0001427982102624314
0.0003649287595595468
0.0005711928410497254
0.00104718687525783
0.025116618538381236
0.008425094405483427
0.002348237235426653
0.0015073144416589991
0.006584584139878759
0.00563259607146256
0.0016818455875353047
0.0023799701710405267
0.024481959826103752
0.001285183892361883
0.002697299527179264
0.0031574270935804333
0.0061244565734775965
0.0011899850855202618
0.00382381874147178
0.0016659791197283678
0.003966616951734212
0.00034906229175261
0.0020467743470948523
0.0005553263732427885
0.0005077269698219782
0.0017929108621838627
0.0025069019134960216
0.0009361216006092722
0.003649287595595475
0.0019674420080601682
0.0005711928410497254
0.0017453114587630521
0.0002062640814901787
0.00041252816298035724
0.0007298575191190935
0.0006187922444705358
0.0006505251800844095
0.0016818455875353047
0.000602925776663599
0.0010789198108717038
0.0006346587122774726
0.00025386348491098913
0.00020626408149017868
0.00030146288833179957
0.00028559642052486276
0.0002221305492971155
0.0004442610985942309
0.0002062640814901787
6.346587122774728e-05
0.0031891600291943066
0.000523593437628915
0.0002062640814901787
7.933233903468411e-05
0.00023799701710405232
0.00022213054929711549
0.0017453114587630521
0.0005394599054358518
0.0003331958239456732
0.00015866467806936822
0.0013486497635896305
0.0001427982102624314
0.00015866467806936822
0.00012693174245549457
0.00025386348491098913
0.00017453114587630503
4.759940342081046e-05
9.519880684162092e-05
0.0001427982102624314
0.0001427982102624314
3.173293561387364e-05
0.0012217180211341356
0.00028559642052486276
0.0002538634849109891
6.346587122774728e-05
0.00012693174245549457
0.00026972995271792595
0.00030146288833179957
0.00011106527464855774
9.519880684162092e-05
6.346587122774728e-05
0.00017453114587630503
6.346587122774728e-05
4.759940342081046e-05
0.00011106527464855776
0.00012693174245549457
7.933233903468411e-05
7.933233903468411e-05
7.933233903468411e-05
7.933233903468411e-05
0.0001427982102624314
9.519880684162092e-05
0.0021578396217434106
0.00011106527464855774
1.586646780693682e-05
6.346587122774728e-05
0.00026972995271792595
7.933233903468411e-05
0.00023799701710405232
0.00020626408149017865
6.346587122774728e-05
0.0005235934376289149
0.00011106527464855776
0.0001427982102624314
0.00023799701710405232
