0.0014536328015877337
0.0014320894603923886
0.0022570584682408577
0.000988691164098613
0.0006812068546854736
0.0009348700519326621
0.0010868492717133163
0.0015925022765873845
0.0008296223088351436
0.0008807967631349342
0.0005404129102113121
0.0008382545039117918
0.00047797951877424954
0.0003691847083232109
0.0003335988906175113
0.0004327087328739008
0.00047534490395598824
0.0005011961756489705
0.0002957537829884536
0.00037911494583482436
0.0004271069416363078
0.0006774837141788501
0.00029918164393802436
0.0003685583939393268
0.00045454475092499024
0.0003138957420649171
0.00042856344678463226
0.00034033471625607596
0.0003755503115885134
0.00031671896137171884
0.0003907806524694066
0.00021358795146529026
0.00024331723915028438
0.0005724507986856602
0.0003081194378982489
0.00029502090937638876
0.000304230469753232
0.0002035147867757917
0.00028370156013037424
0.000300258044619349
0.00032383840611223603
0.00026904061226908993
0.0003358044449320409
0.000298945029456868
0.0002827413579116121
0.00020463807260816234
0.0002530678381894771
0.0003252404974022202
0.00026789434525295277
0.0002898693192796617
0.0002445636153648248
0.00043757888811087704
0.0003089860378221211
0.00022048399703425658
0.00028336523561289003
0.00023715547605647992
0.0002096765921239353
0.0002509740457001792
0.00020109747054293162
0.0002967217416670879
0.0003647927425589292
0.00025645356662285705
0.000205603185828566
0.0001874266022969202
0.0002144536001177781
0.0001969073879367391
0.0002662367644802026
0.0002073511856983897
0.0002318347612460929
0.00027219376664432344
0.00013931081696865046
0.00021232014886290817
0.00032922584473212474
0.0002140510240302077
0.00023261562861796569
0.00015626503105705674
0.00025663623221786335
0.00020212811071576909
0.0002107853209063484
0.0001287428549786447
0.00025416172104817167
0.00011504966673774108
0.0001994864681827986
0.000196578768039465
0.00023657904287720827
0.0003643975849627562
0.00021465315969644843
0.0013642467983367812
0.00015759441101790035
0.00010520260868290875
0.00030641885931127045
0.00019274346567783017
0.00019745539979522422
0.00021161179146300245
0.0001468751893069308
0.00021996062615596294
0.0001741699844215945
0.0002780866478244373
0.00012078433234377441
0.00031854891567750153
1.4672285985660947e-05
6.539101271519855e-05
3.569580241278527e-05
2.462107145258456e-05
0.00010177172559953037
0.00016342835679073993
5.0393270069339115e-05
5.19844255617179e-05
5.8528185000394865e-05
2.1936122791846276e-05
8.201333085084545e-05
0.00013339472879396474
6.370104559037607e-05
5.502822775088761e-05
0.00017973948690892905
0.00010499977455285565
0.00013999790235818692
2.0388485362681834e-05
9.059896963864366e-05
4.296721531937418e-05
3.0183692271504846e-05
5.909609815326816e-05
0.00012504880277822942
6.577977386053173e-05
0.0001637713349450323
9.134048622236047e-05
4.781102709471608e-05
6.489560763418527e-05
1.2178007280068915e-05
3.2611228395425846e-05
0.00011201227071022184
8.767593938756889e-05
0.00010121654264713555
0.00013989820812327123
3.006997763473696e-05
0.0001130434599493899
8.926066119341848e-05
2.2204582979847695e-05
5.196662950477832e-06
4.444620459261564e-05
3.156340113878224e-05
1.9384990106711275e-05
2.3145683613663557e-05
1.68672197338672e-05
7.88037255183475e-06
0.00010978087724908621
8.107697349804333e-05
1.0046321440314843e-05
2.5534645142067792e-05
5.0711214843431e-05
2.4791409867427413e-05
0.0001237922210663201
4.128143288055348e-05
5.1638012750653116e-05
2.1949490016916993e-05
0.0001091777374428644
2.819357541740539e-05
2.3247086572033792e-05
1.8907204580856535e-05
3.2639879681501007e-05
3.581403012963226e-05
1.6087889678511686e-05
2.070009460566024e-05
2.0899730866665255e-05
2.2880341777120715e-05
2.5532666829367917e-05
4.811631971809958e-05
6.471191594093491e-05
2.8500817965173948e-05
1.5311787095533044e-05
1.6169235379696152e-05
3.222520876972643e-05
2.7806464566261434e-05
1.9049397966289693e-05
1.6431691605219457e-05
1.534259908647643e-05
2.0037339189399707e-05
1.5274196340118422e-05
2.423159110148431e-05
1.6517760102241502e-05
2.042332521129621e-05
1.8320472477805365e-05
1.5739501332228043e-05
1.806148000392518e-05
2.6587220641000436e-05
1.4217215964304282e-05
2.536676346579446e-05
0.0002376154498798408
4.1118046126924114e-05
1.5579519483912075e-05
1.550938607059491e-05
4.394177962137645e-05
1.4335834604221577e-05
3.0081392289277528e-05
2.1284270771490026e-05
1.4349460060549806e-05
3.922508282973418e-05
1.693027270330715e-05
1.3479509522409344e-05
1.3998090028628884e-05
