4.9559989018324195
4.372353629335881
3.2299383434907103
2.7599697465325352
2.7544841544496994
2.6733408418580535
2.3624001025092087
2.2574134738347427
1.9560317860361858
1.6438961652435553
1.6403658337050968
1.6240719958352883
1.5726920937524922
1.5687815726637382
1.5013793966756306
1.261208226474654
1.207004059161091
1.1796304115398129
1.1790872836108193
1.1646400806995891
1.158774299066458
1.111576482036913
1.1108704157292213
1.095065392995507
1.0820846354925595
1.0610112718476072
1.0113693791375908
0.9451077718003699
0.9372867296228617
0.8453351712442427
0.8097602918951609
0.7532749872798249
0.7177001079307431
0.7029270282621168
0.6717514851378833
0.6669176465698401
0.639109496605367
0.5718702589959574
0.5694804961083855
0.5423240996587048
0.5419982229013086
0.5350461854101903
0.5334711144161088
0.5015351921912843
0.4994713060611085
0.49833073741022194
0.48909756261733045
0.4730752887120188
0.45520637984812884
0.4229988936588075
0.3974175682032082
0.37167330436891083
0.3410408891736709
0.32947226428610693
0.32567036878315164
0.3255074304044535
0.31339567758789594
0.3133413647949966
0.3099196588423368
0.3093222181204438
0.3066608912683751
0.28542458924472475
0.2808623146411784
0.27608278886603455
0.2414312269962419
0.23822677221517957
0.23556544536311086
0.23246961616784725
0.23122042193116193
0.22622364498442066
0.21063587342230392
0.20645378836905307
0.20319502079509139
0.20140269862941246
0.19760080312645714
0.19542829141048268
0.19054014004954015
0.18385966652291869
0.17755938254659273
0.17218241604955595
0.1561601421442443
0.15013142213241518
0.14736146969454772
0.14035511941053008
0.12753730028628077
0.1263967316353942
0.12509322460580952
0.12357246640462738
0.1174894335998989
0.11526260909102506
0.11026583214428382
0.10282497951707129
0.09978346311470704
0.09739370022713513
0.09370043030997854
0.0889752173277341
0.08826915102004239
0.0833266868662005
0.08115417515022604
0.07648327496088093
-0.5700018989202194
-0.8030580932513797
-0.9561115436417804
0.004030009233132664
-0.6992120332278003
-0.9024505042572112
-0.6589662536893734
-0.9397090801861733
-0.22728817572524807
-0.22717955013944935
-0.44236683560671974
-0.7160489990266025
-0.36393916266004167
-0.09465633546500724
-0.40820408887302134
-0.9462809281269959
-0.11773927244723588
-0.7183301363283756
-0.7567292809082242
-0.37925537025766165
-0.028611979299383614
-0.4138526193345549
-0.6037301433107228
-0.5858069216539336
-1.0834750429907831
-0.8227193242809485
-0.05207510583190779
-0.2590068467784752
-0.10041349151233955
-0.8502015974880254
-0.5664715673817609
-0.7995820745058205
-0.23717310403293188
-0.895661405144791
-1.1984009127658322
-0.6418034111331753
-0.8113136377720825
-0.9775650968370282
-1.1389827173339306
-0.9813126795470841
-1.1399060348132197
-1.0981394970736107
-0.27774476032875495
-0.5488199096894684
-0.8806710743045673
-0.5568038902456744
-0.839176100529455
-0.04827321032895249
-0.479516785949883
-0.8895240595471632
-0.7995277617129212
-0.4297119548611685
-0.8567734454288481
-0.9569262355352708
-0.7733489955354289
-1.013465852943506
-0.7002439762928883
-0.9100542952631219
-0.8898499363045593
-0.8900128746832574
-0.8286937314998782
-0.875674297357826
-0.5834171587663616
-0.8570993221862443
-1.011021777263035
-0.8173966705768111
-1.0010282233695524
-0.7394034999733279
-0.9518208330027308
-0.9979867069671882
-1.0116735307778273
-0.9417186535234496
-1.025306041795567
-0.8906103154051505
-0.9999962803044645
-0.9457378001980024
-0.9695268034879228
-1.0036352374287216
-0.9700699314169163
-0.8656807434643434
-1.0288363733340256
-0.8912620689199428
-0.7359817940206681
-1.0107502132985382
-0.9995617779612697
-0.6117141238669289
-0.9932614939849437
-1.0210696439494167
-0.8400451052158449
-1.0128140994287138
-0.791543781156715
-1.0576221535706871
-1.0092837678902553
0.0015859335526613961
-1.0104786493340412
-1.0021144792275396
-0.4514370720209131
-1.062727556103227
-1.054309073203826
-1.0789670811801362
