4.465940968486768
4.334399073217428
7.4833133894845085
2.5434926493723724
1.7087055046919992
2.5958773369682744
4.923904294487124
2.2329366002559023
2.3140302536992983
0.5972178701149785
0.45818097816365105
0.8086449667553814
0.8601817810216144
0.9442252122606453
0.9699396418221417
0.32733283321385515
0.6374098273732548
0.8018192653071784
1.6873474880048753
0.9811984872450825
0.34505868149509283
0.5942828049112081
0.8922351027306292
0.3932401684705725
0.7999300496625785
0.4893012008681889
0.6060900001187999
0.4025273971080747
0.6970068932043827
0.03564879516669277
0.13987818097675764
1.3282852457026135
0.3291369912341062
0.35969652364948224
0.2897735514362605
-0.0026978695454842484
0.3282009504453681
0.25251221203031254
0.4500887252361548
0.31835736472692877
0.2136752650123096
0.0061668675872288
0.18075540133570156
0.39802481239298587
0.32305351424710294
0.22303206736585118
0.1493603187054272
0.8477849343554285
0.2903769382828632
0.02316440736767497
-0.005460364373624144
0.16706089238486252
-0.007907474994491463
0.5772216376316215
0.190524778489799
0.013802316201194724
0.228807360364782
-0.05287460577501254
0.04117482952037047
-0.019509978499576842
0.021533524382174988
-0.22601808421307287
0.064798837010523
0.03330727616160091
0.44773492603342724
0.0407605756540127
0.09929510226300682
-0.1778191533660398
0.19700049955414947
0.28391428303601784
0.03114540067663831
-0.005460751476631285
-0.26107884467693104
0.1868504430465757
0.2160168347493561
-0.31111419722992406
-0.012577776820479841
0.11271827932945384
0.11786666078556321
0.052979481211558134
-0.16698914324376612
-0.3538253408436307
0.5502768184232819
-0.02928986856370118
-0.2003275604610146
0.34997441189472434
-0.10285465292103736
0.2819112328053181
0.41383473731713755
1.3508083305706924
-0.27969756158869097
-0.1188668018965768
-0.3087823070036428
0.05872455044544733
-0.1398151633112287
0.022194604473778152
0.08850337071312753
-0.3182864387415986
-0.3729499045580659
-0.14372890632355378
-0.48780897044869587
-0.5926520974268907
-0.6325338106738673
-0.3600201534787018
-0.5407171339741235
-0.5122201792053994
-0.578644542850827
-0.6420671452438167
-0.4534931230929752
-0.2780283621113756
-0.4943281877821463
-0.5238065099241755
-0.11283962840086668
-0.370477593405732
-0.21940441133451294
-0.6474051943186596
-0.3997965626262681
-0.5673261473479743
-0.6128142682895752
-0.5128647357339081
-0.2791550934353692
-0.5148038459944098
-0.550094698452438
-0.49095185242124745
-0.6763807602573921
-0.6038238226559455
-0.3213365114506989
-0.40759199316092126
-0.358790800334872
-0.4148740838503922
-0.22403426171173832
-0.6138253573168503
-0.4027047434489569
-0.6429901305144019
-0.7009930130536389
-0.5621749976923799
-0.6076224993408562
-0.6513021933902552
-0.6329041039994892
-0.6597216014242527
-0.691927722616321
-0.6839825865700744
-0.4392699437506544
-0.3506581233489751
-0.6291517720134091
-0.5400783147086474
-0.6319455233663305
-0.28380158299956426
-0.536803797502765
-0.6418711921129212
-0.6197501609243985
-0.3362093704845303
-0.6371479381642359
-0.6526723188224772
-0.5927033603410953
-0.6624286860854075
-0.583147484391041
-0.6463483669909875
-0.6458638141075758
-0.6386250171210803
-0.6293053974083126
-0.548782727221233
-0.48894261774609643
-0.6193093934122568
-0.6654250422835732
-0.614745280565514
-0.662317457816872
-0.6056205826452116
-0.6520915979306704
-0.6613794528794967
-0.6652503982051973
-0.6483548860791036
-0.6654703602766281
-0.6335291645611844
-0.6604906723629503
-0.6467975568495951
-0.6545980026183853
-0.6636736874016578
-0.6549671749010499
-0.6253789903391873
-0.6691793036122836
-0.6294507055674211
-0.5736183395858138
-0.6644315640117493
-0.6645658569242571
-0.5641602244616999
-0.6690773049693716
-0.6437750261747934
-0.6147741202594998
-0.6686549993901224
-0.5808334754792694
-0.6275260220175927
-0.6603441530245492
0.07539136328460624
-0.6719303653079768
-0.6703295523881787
-0.5074720773941088
-0.6773891404054108
-0.6763694564140202
-0.680920066868319
