4.889192765587564
1.5308804608427142
-0.8924448832349373
-0.8204230026859168
-0.8889849193147568
-0.900753349227476
-0.896716724653932
-0.8645603055887457
-0.18639220195301523
2.060414281074024
0.41243194836401453
-0.8318120505898443
-0.8913674383299688
-0.6762047258638316
-0.8579135327947147
-0.11383159895151049
-0.8697578391091924
-0.8986212223380665
-0.9067931108074402
-0.8656984516151209
0.9375345867326369
-0.885031758783147
-0.8676408875001345
-0.8456594939107421
-0.8971643954243063
-0.8707897581731058
-0.2577463701665623
-0.8844778610503111
-0.8145805197505243
0.030348739669695517
1.3733686384325672
-0.9216800608324274
-0.9049037884036574
-0.5655693444599896
-0.8331626505411428
0.38023000345777314
-0.8749705479099905
-0.8941748651950275
-0.8974299628304605
-0.8873763395974799
-0.6974121801552888
-0.8903658698267587
-0.7791917659704325
1.093673046270958
-0.6739056708905538
-0.7984947225777552
-0.8779980163401485
-0.9166418677556734
-0.8882109800168216
0.6426485389390072
1.7678045253331447
-0.8954723516650952
-0.8525718341109273
-0.9133336566390095
-0.7743508515382501
-0.8619880955691378
-0.8810482476908339
-0.85950693723164
-0.8815717948629666
-0.8956316921087878
-0.8892656620012627
-0.6164444718389596
-0.8063175795990406
-0.8941293393539725
-0.8971188695832513
-0.7921135171898785
-0.7031863743290989
-0.8905631484713303
-0.8457201950321488
-0.9063378523968901
-0.3854311790455042
-0.8995545020796941
0.2598520920681598
-0.8921869034689589
-0.7881982948591479
0.3022442377305468
-0.8714574705085792
-0.36679593477365485
-0.8726259670956578
-0.9055487378186033
-0.6145323865146493
4.260480900617923
1.2869530044699886
-0.89433420563872
-0.9146918442304839
0.7670023737807579
-0.8530953812830598
-0.8895008788467135
-0.7904062981503157
-0.4667858570108011
-0.9064516669995276
-0.9015804020066419
-0.08748731226101332
-0.8688473222880921
2.443779800958059
-0.83172858654791
-0.8964132190468986
0.25944235949866473
-0.18636943903248773
0.3588176828815684
4.808877594326357
3.3892073545072057
3.3692518608447615
2.738734137513271
2.3157914864720834
2.1164034779315064
2.1004846088426055
2.0994299268581647
1.27368980944263
0.9080262540888168
0.8547079065732281
0.8175739955526944
0.7720405668575119
0.6130870928139562
0.5406251291347374
0.46461214985322796
0.46042377247616734
0.45607605465541423
0.4483973627974698
0.4287984882232894
0.41402535280093977
0.37220228015174034
0.33076617715150847
0.31679733158779727
0.3045129421431213
0.29549123797405413
0.29291144031427047
0.28956529099672745
0.28894310450230903
0.2834041271739499
0.28209146542353053
0.2779865520884041
0.2585773685186196
0.24162658036580548
0.23587514911252297
0.22195182938986677
0.21431107573280148
0.21355231171521805
0.21316534206625048
0.20354421432329242
0.18974229684344956
0.18123655220633916
0.18040949942717321
0.1407261413075591
0.12662830586085871
0.12470104525619677
0.09024557121773258
0.08805274320691642
0.07380315495669934
0.06900017872539614
0.06706533048055836
0.06701980463950336
0.06666318555123914
0.06390128452723541
0.0625127463750577
0.0620271374038043
0.0613670127085067
0.05900725661382219
0.05855958584344796
0.05267157706700044
0.04744369298585051
0.0464952379638712
0.044416224555692566
0.04402925490672501
0.04299733584281153
0.040463064024082826
0.0401064449358186
0.03424878672007442
0.031744865462049056
0.03122890593009231
0.031001276724817277
0.03088746212217976
0.03078123515971808
0.030212162146530497
0.030136285744772152
0.0300148835019588
0.029696202614573754
0.029423047568243713
0.029286470045078693
0.02899055207822115
0.02893743859699031
0.028838799274704462
0.02720745663690006
0.024217926407621288
0.019392187255790585
0.016895853637941056
0.012889579625100471
0.00574202257946443
0.005188124846628516
-0.006906573593651579
-0.010108557747853712
-0.0127718194495716
-0.014289347484738488
-0.017271290073841424
-0.01959310796764676
-0.022081853945320456
-0.022802679762024727
-0.02966190648097906
-0.029677081761330732
-0.030177866012935803
