11.585348621725728
3.264606577299474
0.6619041593059339
0.07885928920963071
-0.007609229660585045
0.0183313260004797
0.33208852304383046
-0.021197139768761787
0.5149076772265695
0.8681933400391597
0.2975011154957447
-0.14225306618706388
-0.17189941551399496
-0.11631251052599914
-0.11013618774955515
-0.08913669030964562
-0.19042838384332694
-0.165723092737551
-0.1311356851894647
-0.11878303963657673
0.20979733207024154
-0.159546769961107
-0.18548732562217174
-0.17560520917986136
-0.14348833074235265
-0.220074733170258
0.019566590555768478
-0.17807573829043896
-0.07431351564618006
-0.07431351564618006
0.44079180390924283
-0.18795785473274934
-0.2188394686149692
-0.05454928276155931
-0.18054626740101656
0.051683468993277186
-0.1941341775091933
-0.18548732562217174
-0.13978253707648627
-0.1867225901774605
-0.1731346800692838
-0.22748632050199075
-0.13607674341061987
1.200479505411841
-0.08543089664377923
-0.20525155850679244
-0.22625105594670197
-0.17807573829043896
-0.1941341775091933
0.12950513597647104
0.738490561733838
-0.21142788128323642
-0.22625105594670197
-0.19289891295390452
-0.1607820345163958
-0.220074733170258
-0.22748632050199075
-0.21142788128323642
-0.21266314583852522
-0.20525155850679244
-0.18178153195630534
-0.2213099977255468
-0.2188394686149692
-0.23242737872314592
-0.1632525636269734
-0.21266314583852522
-0.1348414788553311
-0.23489790783372352
-0.09160721942022321
-0.19536944206448212
-0.08048983842262404
-0.20772208761737004
-0.13978253707648627
-0.22748632050199075
-0.18301679651159414
-0.10148933586253359
-0.19042838384332694
-0.14842938896350785
-0.19166364839861572
-0.22872158505727958
-0.19783997117505972
6.228006245437625
0.31232429015921004
-0.22625105594670197
-0.23489790783372352
0.06033032088029874
-0.22625105594670197
-0.19042838384332694
-0.1311356851894647
0.2332673586207283
-0.23366264327843475
-0.23242737872314592
-0.18548732562217174
-0.20525155850679244
0.25056106239477116
-0.20401629395150367
-0.2188394686149692
-0.14225306618706388
-0.18178153195630534
0.06156558543558756
0.6520220428636236
-0.013785552437029048
-0.01749134610289542
0.33332378759911924
-0.06566666375915846
2.0429299321187866
-0.13731200796590867
-0.14225306618706388
-0.047137695429826536
0.04303661710625563
0.3506174913731621
-0.1323709497447535
0.07885928920963071
-0.07060772198031366
0.16285727896926802
-0.20154576484092607
-0.04960822454040413
-0.19289891295390452
-0.21266314583852522
-0.03849084354280498
-0.04096137265338253
-0.1867225901774605
-0.17436994462457256
-0.11137145230484395
-0.23242737872314592
-0.21389841039381405
-0.15584097629524063
-0.17807573829043896
-0.17189941551399496
-0.09284248397551201
-0.06319613464858091
-0.17436994462457256
-0.18425206106688294
-0.23119211416785715
-0.23242737872314592
-0.2163689395043916
-0.22378052683612437
-0.22872158505727958
-0.20154576484092607
-0.22748632050199075
-0.22748632050199075
-0.220074733170258
-0.1941341775091933
0.04550714621683319
-0.22748632050199075
-0.21513367494910282
-0.22748632050199075
-0.08543089664377923
-0.21389841039381405
-0.23242737872314592
-0.23242737872314592
-0.11013618774955515
-0.23366264327843475
-0.23736843694430113
-0.22378052683612437
-0.23366264327843475
-0.1867225901774605
-0.23489790783372352
-0.23119211416785715
-0.22872158505727958
-0.22872158505727958
-0.16819362184812858
-0.19289891295390452
-0.20895735217265887
-0.2398389660548787
-0.22872158505727958
-0.23366264327843475
-0.22748632050199075
-0.23366264327843475
-0.23366264327843475
-0.23613317238901235
-0.23489790783372352
-0.23736843694430113
-0.23242737872314592
-0.23860370149958993
-0.23366264327843475
-0.23489790783372352
-0.23613317238901235
-0.22995684961256835
-0.22995684961256835
-0.220074733170258
-0.23366264327843475
-0.22625105594670197
-0.2398389660548787
-0.23860370149958993
-0.2250157913914132
-0.22625105594670197
-0.2250157913914132
-0.20648682306208127
-0.23242737872314592
-0.18178153195630534
-0.22378052683612437
-0.2398389660548787
-0.03478504987693857
-0.23366264327843475
-0.22748632050199075
-0.2213099977255468
-0.23860370149958993
-0.23736843694430113
-0.24107423061016753
