2.725086728916928
3.076391369113353
1.315837452528013
2.6366646064312786
1.8027250480880446
2.106000006484183
2.3965340584490287
1.0434270257139122
1.99327495700199
1.9280824248885413
1.914809539111817
1.5459589235101774
1.8432612854049844
0.6004878633104724
1.7477289812076517
1.8279857726747595
1.330136583469703
1.5463262245740972
0.6646468320051087
1.5439085848771734
0.3703179113478931
1.1975620704122951
0.706421990745547
1.149678171044116
1.2895067068642898
1.2786096799981048
1.1608270644666587
1.3056350695636358
1.4403845216481135
0.7292021155913665
0.9792656954146021
0.30545789445630883
0.6061326643776898
0.929220845530157
1.2173095031325285
1.0549682604260273
1.2520164639286302
0.8591481702135768
0.7811542042510642
1.0755583264402513
1.064840278808234
1.160179157866468
0.3038017970917558
0.3704028317930966
1.0212859290337892
0.5134887170625616
1.0093119445205583
-0.41760120064596995
0.9829669749823344
0.8467710531859394
0.6442022389637316
0.9071589855929185
0.8172807663023035
-0.016905586471786218
0.8461486574396946
1.0452870907222418
0.1902235710060226
0.9166698917447532
0.6575702549209665
0.7811396234371247
0.3327746096091701
0.8686516104144103
0.7258370196717371
0.44510104091673386
0.6617696951385819
0.25394960899094216
0.8654423846272864
0.16140858468528307
0.5461203824336773
0.9871781233435465
0.10404407463782572
0.5942421326412856
0.18141456748711426
0.7359648994560251
0.8207880396416993
0.5031656097299164
0.16952448353638785
0.2952360163867103
0.4390658255668219
-0.3032661938647424
0.8788457214066878
-0.32102877215388353
0.18308858493556837
0.827568129131392
0.6179169495891912
-0.6487623648133106
0.5323926897199109
0.5410297116540596
0.7552040337975647
0.005756207788107038
-0.85824412646532
0.4494496591876654
0.358719314725248
0.49734878564843
0.1815099931777154
0.680318804310817
0.5625948750363636
0.039724539173258
-0.04461743255363614
0.4216466628806315
-1.2119003109537423
-0.8489892411699836
-1.019322320347572
-1.0929023515958907
-0.3780647604960706
-0.5051322606720743
-0.9585941365498116
-0.7460383587290665
-0.8182602077780599
-1.0183997658558646
-0.4686762897575013
-0.5358231013776487
-0.44926368964840513
-0.8313661008977147
-0.673608343970125
-0.44329977306798657
-0.7547412688511073
-0.9571338228303189
-0.1376248458411638
-0.9814895056283806
-0.847310347287128
-0.38163903822629514
0.4142870790062297
-0.4692551064118313
0.4194387610636084
-1.0707241162550067
-0.6392289792264803
-0.41158220428148046
-1.1576663642238698
-1.0147581351979107
-0.4470118903625387
-0.5488359599040612
-0.4704607226082593
-1.12535332510338
-0.7220525445985176
-0.3744196549430757
-0.5323762789369776
-0.934859391795614
-1.2365169665734828
-0.7493003897254051
-1.036530886297073
-1.103724262835587
-1.143414330719
-0.9919972691367709
-1.0942630435840288
-0.7669562649441731
-0.5494047675756507
-1.0820327005153103
-1.0711348335645965
-0.672210017890309
-0.9865261886291267
0.26929035708318355
-0.8953492844774322
-0.5485860026532462
-1.016111699065355
-0.2590149029585481
-0.9797922708716866
-0.9996087978096175
-1.0991301433719802
-0.8315628223138788
-1.022547673264271
-1.1266114464116217
-1.0352293618990696
-1.0152479136229244
-1.0372756215997416
-0.9906927834724906
-0.9474030361790391
-0.9598577911682903
-0.6768869199168583
-1.1254229958329782
-1.1239023203082528
-0.955519891501122
-1.0824475890844791
-1.0773525307009943
-1.1000902825547392
-1.1231918118519975
-1.072347185135987
-1.1357007941375028
-1.0756986725038395
-1.1212693247928034
-1.0991552983728388
-1.1079061400578696
-1.1206032745198666
-1.1094017854282836
-1.064998288545182
-0.9988968535756567
-1.0796668665202513
-0.04249962561015503
-1.0109829596419835
-1.1236483641515604
-1.095561093877496
-0.8868817225937857
-0.971769841637511
-0.6999581361539048
-0.9527484204799411
-1.0261271240801217
-0.6587595058772452
-1.1193311392091132
-1.0018627662772825
-1.006977739908463
